5199
382
1705
5096
5826
7242
7657
3936
9744
4479
71
6551
7591
8275
2834
5090
883
6093
2729
9848
7339
3940
7914
7983
7007
8097
6174
6803
6245
7425
5964
1902
8555
9578
9373
6559
782
4046
8821
8644
7916
2723
3275
7234
6354
8800
9478
3776
5387
457
3164
8603
7460
9427
7353
3809
1626
6297
4635
2023
3295
7574
8773
2146
6556
5652
9222
2968
7969
9683
6739
459
8106
6886
366
5240
1097
8176
9844
192
5600
6128
3828
9266
7313
6770
9656
3585
253
3863
1858
2327
872
3228
8864
5948
3898
2943
2912
8679
9981
3084
9856
9753
3211
1358
8703
5956
3019
4073
5593
8530
1313
8128
220
85
4722
2872
8500
8743
9746
5842
1649
6363
3322
9399
7707
101
724
7263
8645
9829
2379
5487
2097
2532
1533
8967
4040
8185
4596
3504
6574
2062
3309
9242
1843
2321
6061
2465
3683
6470
193
10023
4149
831
4452
8580
5046
5400
4080
7549
5711
4568
4179
3169
3529
7397
7553
1445
3825
54
9016
6204
6035
9512
5802
718
2416
7972
8102
9470
3351
6160
7371
5125
3486
2134
8925
2099
2709
1178
2258
6113
5040
7935
2617
874
6116
9418
272
4440
120
9353
1211
1484
4387
8990
1697
6340
2370
8932
9251
6647
1725
1034
4735
4965
2367
3538
5552
7294
3632
9935
4219
4006
8198
4074
8096
8528
6696
6168
4881
4523
6441
165
7971
5397
2425
9983
6067
1609
2615
827
606
6342
547
373
4543
8666
2550
296
6055
2678
1352
131
7892
6419
867
4136
3619
3610
7264
5327
2808
8798
7119
346
8478
2868
989
3100
6428
1265
8766
9081
964
8996
4638
5067
249
7770
4937
3027
2969
4859
8981
399
2215
6827
2750
431
6468
6490
9157
8827
7407
7288
2827
2589
5770
2989
2306
2961
2136
4434
6789
8729
7173
1655
5874
1699
7748
2616
484
9229
2039
8255
1598
1755
6794
8683
6199
10006
5577
1816
7212
5605
8788
1848
1496
5272
3930
1389
5850
9337
7888
1501
9258
1823
7661
4835
8640
2042
7340
2956
83
7035
9597
9564
1064
5838
496
8713
5030
1645
9670
5735
6082
167
7589
417
2070
659
4464
1321
9647
7279
668
7405
2449
3929
7024
934
8344
1915
2022
6602
8896
9605
4817
8409
5092
2580
3779
1382
2869
2365
5019
2810
6878
3424
9760
6861
4882
774
6977
7132
7345
9662
4847
8370
5894
8869
3008
9832
4829
594
7424
5456
6121
3151
6681
5330
7499
2944
6700
4505
834
1199
7066
5787
5506
593
3583
5700
9513
94
1641
4489
1055
6040
3971
9537
8608
3686
1479
3756
5630
5007
3874
2727
6702
3059
4655
9536
1420
4520
3366
9333
6870
10013
7078
5270
7311
9881
6914
8247
7908
2743
144
4781
5645
5166
265
1003
8091
6533
324
5436
6501
7357
6216
5564
7948
4267
9706
2949
929
9897
250
8390
3584
96
8491
5469
3381
5165
5448
3086
2319
4567
9003
398
7716
8984
7308
307
4044
5403
8121
4765
8921
8622
6165
8525
2272
6069
1348
3629
4708
4775
4783
2476
6905
9511
2646
3522
3445
7763
136
447
6693
9285
1434
8884
17
5195
188
330
4300
2457
413
6975
4012
6927
8836
8182
4914
7422
667
5021
7813
6489
2309
6130
3114
3179
7131
8977
2908
4513
6257
203
2955
5316
4636
860
3052
3329
737
958
3950
8819
1140
9651
5283
1395
8948
8039
2981
7665
9063
4150
6582
7688
3817
7521
6077
7077
2450
4439
8474
3812
5375
7219
6785
9899
6198
6793
6694
7390
8529
3857
9621
2397
284
7485
9864
1487
6818
9984
666
677
5501
3055
4325
9712
6516
2734
9268
645
115
6832
430
2207
3594
4558
5817
8187
8166
469
3881
1344
4351
5920
9265
1925
1258
2089
9641
6416
2263
2255
7438
2781
4595
5756
9018
8903
6053
8947
4224
9938
6779
2019
1248
2853
5867
7784
6087
9311
1507
9770
6453
1624
9571
4121
5759
7758
9317
8460
468
1958
790
5377
5573
8018
6310
1079
1324
7341
1495
3811
7365
7877
6937
8210
2168
2243
2802
1404
3507
4496
228
286
4862
1933
4794
9406
2035
2464
1992
124
7118
4485
1740
3666
6673
9742
8241
5824
626
1393
3801
8438
2388
696
5254
4706
7792
9387
3248
5706
3456
9666
5738
8285
5870
8726
9843
5985
1836
4658
1277
2045
6819
6196
4659
6659
4371
1132
7275
2657
5727
9466
6485
9070
7927
708
6872
4483
8440
403
7739
4301
2072
1562
6
9522
2150
9805
777
404
9420
4401
1872
429
3388
7532
4941
3360
9934
87
8761
8256
1362
5907
7970
3572
1647
5437
742
3688
8165
6240
9932
5576
4376
6144
3287
9002
1101
5147
8660
9943
3903
9842
4716
1455
7017
8808
6038
4908
6109
2914
7588
3674
125
170
6598
991
9628
6930
1774
5942
1979
3015
3912
7713
6826
7567
1954
3428
252
6713
4532
2531
1161
3835
9959
8907
5785
4303
4927
1442
6550
1094
471
1460
9919
6548
9343
372
5105
7711
8050
6045
6098
8143
720
2055
8127
8033
1794
8208
6528
4748
1270
8742
8477
4027
4153
6854
5305
4826
7383
6484
4976
9553
9523
65
5024
8701
387
4357
6698
2279
5653
1320
3150
5765
7101
5398
1355
5523
5886
2372
8060
5749
4478
946
7498
1554
5734
8326
8777
9539
1914
3479
2710
6024
3393
2669
5461
4453
9777
6782
3346
3877
3588
2604
7759
6960
8929
4177
1733
3551
5497
9055
7262
5975
9462
4762
3876
7603
5682
5360
355
7188
3468
4438
994
752
787
8246
7973
311
8235
9124
8059
4977
6355
1220
1367
7019
9799
1386
5479
402
385
1281
6063
5033
5567
9461
6275
77
1519
816
3791
5947
5269
967
2435
8363
4337
20
3945
4629
7598
5931
9004
2638
7854
3170
1089
1088
7840
1777
5995
2344
1215
9355
6845
5702
5034
322
2137
2262
9162
2756
3112
5804
8741
6736
3105
2122
2779
9909
8872
2945
8107
9941
2182
9882
947
8309
1998
4906
6850
3385
3394
7010
8284
7404
95
32
7885
3219
4675
4995
4176
629
198
5242
7500
1589
2088
2528
1040
1576
9763
5961
3142
4919
4986
42
1244
1456
2378
5846
3314
55
1030
8848
2241
8770
6786
6902
7086
2178
9392
8804
6573
7949
2228
3035
3521
2220
9026
795
2847
530
9448
4551
7745
5246
7038
2936
4078
4883
4766
6289
2699
8117
493
405
9857
1414
2119
9640
9526
1302
8759
5823
9160
4893
6527
2674
4310
1245
5191
8287
8160
5896
1898
4705
1805
3520
1512
4806
9589
6855
852
211
1932
7681
437
9839
1803
5604
6625
2546
1919
5752
6932
8705
9030
3124
1482
9060
638
7814
2952
8462
3326
6232
1036
750
336
7554
7552
5944
1608
592
3911
5449
5353
450
4081
9020
8731
1920
5264
5362
5348
326
3958
9450
9677
6471
2682
148
8893
8191
1961
1232
8061
3201
1870
726
1109
9201
1462
1763
3850
6780
1586
3612
734
266
7016
2590
3554
1845
9845
3108
3650
3536
2916
8709
1407
7868
9057
4559
1369
1133
8922
3209
7225
3343
4455
4519
3192
8589
9371
8321
9180
9045
4134
3252
8217
2739
7640
960
9674
2223
1817
8051
2180
135
6230
4974
4320
8806
4546
4699
205
504
6322
6438
1317
8200
1236
8647
1076
6935
5695
2783
7718
507
8700
5772
1044
8968
3354
5345
8038
9752
5509
9982
1413
1636
8122
1250
4612
8329
9398
2505
9876
2133
9140
8598
810
9837
6636
7322
7134
5998
7819
890
1368
4141
5646
1305
3684
2310
2132
9159
4209
3957
837
2564
1356
6304
8867
5086
4198
1001
43
6800
911
2343
6141
3973
7045
2349
3238
9893
10030
6079
8710
3941
1800
1557
1291
9313
5979
6683
2928
895
4130
7387
1927
2231
6594
7536
1481
3459
3695
2864
7299
7889
6016
9611
8814
2284
2049
4275
2676
7352
6915
6189
1737
9620
7109
1328
1511
6036
8799
2521
3832
8070
9273
9612
9415
5349
1500
857
8971
8408
9296
9276
5550
7919
6869
246
7660
4374
3670
4023
1077
6400
6612
7165
6049
907
531
8708
6281
3137
9037
1706
5692
1072
1678
1155
2816
8587
285
66
5515
8405
767
6454
2027
1406
4590
2686
4331
2647
2117
7832
5595
9556
7094
3280
6207
1031
3359
1293
4963
5718
3622
6619
8747
4710
5806
4203
9680
2114
6417
701
8043
2641
7191
3848
578
2685
4246
2381
1011
1396
8254
3914
3713
8109
4786
6655
7961
6611
7931
9764
8259
231
8737
4328
3465
1855
6459
6134
7022
1184
4500
4162
3074
3247
3802
2494
5807
1143
7824
5673
5813
4639
8213
540
1742
5963
3119
7236
2753
9969
749
5762
9366
4022
5940
8441
2415
7216
7505
4163
1112
1139
9006
4915
5066
7535
2303
2341
6271
3902
268
2127
2492
4529
3919
3858
4739
918
2538
8492
2988
6457
9532
5304
1762
7172
2138
5210
3431
116
8167
8223
5966
319
4711
6776
383
6123
1618
3516
6749
9132
6769
3246
2515
3281
4742
6286
88
1440
1541
1952
8362
8425
7807
4811
8268
1343
7511
7183
2772
7855
9690
2524
8982
3527
7039
8316
2188
7978
5009
3018
1908
5295
8664
9237
2004
3864
6759
1746
6676
4861
9194
4079
1664
7100
5299
222
858
5699
5849
7138
926
1289
3664
9377
9480
9716
1214
798
4140
2737
3786
9275
2778
3673
1308
7050
9103
4295
6156
7630
9225
7776
9384
8898
8416
2118
7169
9781
2700
5373
3777
5297
9739
9509
152
4230
2510
4391
5060
409
8216
8025
9600
3218
8839
6632
4169
8171
7378
8503
5710
4456
4510
1180
7742
4801
5675
7720
932
1525
9288
4302
4712
3854
3908
4746
8257
3647
572
2671
3746
2236
2446
8172
5386
4780
3972
2058
9232
60
7988
9205
2526
532
620
238
6142
455
6662
5341
1503
7750
1680
4852
1429
3595
2990
3129
9745
4647
2703
9046
5618
7683
6418
582
7231
21
8008
3458
1189
538
2619
8120
2086
1960
1962
9297
7492
6685
7765
7602
4282
8941
3029
3992
3300
6213
5542
2511
4447
440
6584
9444
9009
5187
1218
3994
4702
1256
7839
4990
9076
67
4174
7321
1856
9236
2715
3056
2570
3168
573
580
1874
4283
7155
5052
1857
9791
2096
4308
7479
7639
1638
6295
2129
1100
6646
9177
3733
1709
1345
1559
1340
5909
6140
9665
8334
3420
3200
1639
4979
3483
4312
9254
5596
4259
1809
4550
8550
7116
9430
109
1365
8372
1383
8028
1498
7699
6984
8506
7984
2745
4243
1981
8980
778
5918
4035
3838
1989
3136
3856
6942
5385
5350
4234
849
1888
1417
4911
5427
3963
6000
4400
3398
2179
5122
1201
965
3187
2098
9473
6183
2613
5239
2937
5095
5486
3563
7670
6628
5662
9483
988
664
9214
8227
5910
6296
2430
9828
4933
6732
9519
7296
9175
1964
7493
4062
5769
7727
2668
4631
289
1710
3517
3508
2172
2892
3822
6653
5565
9298
4524
4649
4688
976
1163
9474
2785
8324
9151
393
6689
8473
7128
3535
9606
9354
3592
9958
1054
6986
8101
4014
6291
412
5980
3038
5175
8621
1839
7058
5243
5790
8597
5553
2977
7787
9138
8696
6115
7448
2653
3917
3160
4958
5223
1653
8054
8415
6328
6074
7760
689
9517
6511
1688
5383
4530
7157
6707
8682
7794
4903
7274
1169
1315
8512
2374
596
811
6084
9623
3555
1558
8075
9713
6607
3831
4082
4271
8828
6525
7652
9249
1600
6133
2705
755
896
4982
9186
8574
9545
8888
2660
4499
9458
2289
6320
9689
5376
2854
5987
8083
8638
5563
2775
7890
7316
5184
4285
919
292
9417
7985
3017
8237
4258
8251
4828
3960
2842
7735
5134
1827
2484
2920
9255
8831
4571
7686
5541
518
7227
2862
8520
7636
9289
8691
901
9413
4654
953
1318
5022
2257
4585
1671
7028
9331
7558
2368
2253
8017
1146
9370
5890
4798
2958
4620
1018
3330
8150
8874
4715
9135
8734
519
427
2128
5237
6264
5119
2839
3390
2857
4060
7232
636
4494
6783
788
8432
7797
3478
6008
1073
6972
2817
2490
9072
1784
1523
9672
9240
30
394
3586
881
2346
2804
2754
3717
6892
8973
6949
756
6711
180
1814
5344
6605
3549
9873
7030
6184
3257
2938
1057
7774
3016
7851
4713
6186
3443
6398
4441
2410
784
4516
8718
6465
4923
6411
7997
1822
10005
1876
6236
2110
269
6745
4531
3502
7185
3758
1126
6667
3910
7051
8837
9013
7190
4557
1628
8397
8181
5357
4151
2382
1121
3195
4382
3792
3141
499
1549
6284
760
3805
2265
9697
1336
3680
9504
5417
6672
8406
2226
9469
5290
2793
2899
973
644
1607
6364
397
7625
3742
2903
4214
7659
8488
7689
1601
8360
8758
9738
1556
9086
6804
7156
3751
5676
5374
5520
1470
4423
6512
9014
3133
2083
3080
9294
7469
6844
8879
3732
8270
8465
2481
197
3249
4942
7277
11
2846
8490
277
8328
9780
6386
9865
3624
8447
6066
8234
8410
7059
9626
6018
7251
3652
3418
824
1431
6404
8463
8215
6520
7343
7531
6938
7611
1170
9979
5585
3259
6396
7882
3979
6857
5657
3149
2006
4402
6609
985
2527
7802
8998
1635
4700
8960
5288
6132
4102
1707
628
5531
8711
8170
3983
8058
3656
2354
1014
2399
1446
6076
1923
9327
5581
6954
6219
8985
7074
8434
7843
2520
5431
2208
6314
6806
8333
1717
2814
740
8248
3256
5869
6642
9729
7917
8184
6361
8089
2111
8290
2061
2213
2149
6092
5620
9825
8014
7478
155
6983
9684
462
8385
8511
4180
2811
3041
9709
8823
3754
5181
3350
3216
775
5000
9507
9678
1251
978
4802
2065
1041
1080
912
7470
53
9401
166
7320
3790
7369
2163
8548
6765
4696
5681
3433
6836
2105
8154
9104
5367
6083
2002
8833
3186
1516
3720
4934
9847
2323
4641
3495
4242
3653
1307
4790
9609
8413
1850
3421
3920
2191
6773
1130
1107
9631
5343
7829
173
5775
2730
1254
773
4311
7895
9243
7615
8509
7860
3482
5229
3449
7222
9831
9956
8317
5004
9816
9812
4994
5435
6323
7910
3539
3631
7115
4560
1786
2361
5609
4692
7020
5394
7284
5588
3123
7789
5672
6521
2711
5535
9248
147
713
1553
9879
1366
3088
6884
6709
6126
4960
1260
4812
323
8750
5303
365
1335
801
2383
9386
1997
6206
9635
6591
2687
9083
1499
7384
5055
6410
7638
2844
9241
6100
6728
5143
2848
5259
2260
7244
2733
9109
7923
1411
5464
3450
7825
3011
542
844
7601
7102
3068
3618
5900
4950
8305
2947
5014
8357
8195
8229
9859
624
5916
5408
6866
8400
1529
727
5266
5168
5173
8764
6258
6831
9396
7746
5324
598
1756
4215
4785
4539
2537
1015
2763
9149
1165
4813
1173
8611
7507
8592
7691
8951
5106
5686
1120
5774
8612
9038
8668
9315
6088
8946
1261
9707
3806
1735
4368
6596
607
2820
4372
7054
7734
791
3377
8557
9422
255
9735
6802
7193
3284
8717
4678
2357
5379
5715
7203
9168
2731
5753
4110
8436
3870
8138
6606
472
5241
2451
7848
9301
2985
376
1675
6161
4450
4008
8346
4412
7879
1861
9861
7079
868
9894
1053
5680
8225
4951
9107
2906
1531
1988
6887
6387
1520
9024
7796
5074
6790
7672
818
6554
5172
1118
3002
4503
9189
8093
6159
4281
7550
4690
2261
2837
3798
8435
3628
390
9079
1113
6691
634
4120
2851
8596
894
9498
6486
6825
4686
8391
9490
5064
3316
9673
7031
501
8942
8593
2519
8523
979
8084
1967
421
5489
6868
2964
7323
3324
4377
3933
9121
5502
690
7918
7415
3694
9965
2706
5253
9990
3485
6065
1568
9303
8944
2803
4038
8826
5941
6466
4064
8569
1021
107
3892
1509
7072
4359
1226
3391
3841
4192
8417
2667
5335
7218
2726
3519
2268
3570
6405
1510
9223
7142
9562
2659
2087
2606
4336
3558
1222
9380
3089
375
2752
7480
6248
6688
9834
7827
2650
8062
2359
7433
2485
3333
4582
1747
5859
9819
2690
6262
9599
89
9328
6085
6595
3643
2085
6229
5726
4390
2561
6529
5876
563
9695
6019
35
2233
7993
1266
8521
2960
4640
2516
9244
3083
3637
3183
4674
806
436
189
719
9853
1757
6118
5880
7041
8855
5574
2057
4643
7459
6026
4662
7723
6943
5597
6560
9974
9050
7785
2355
8338
662
1656
6583
139
6317
6228
2695
9184
6974
4034
236
2762
8388
8021
162
1795
1148
7000
4954
470
7595
6149
8930
2103
9172
6944
3981
9261
8369
8639
1778
7883
5591
6360
5263
7196
8970
4759
2193
8353
728
5525
6664
8398
526
6514
4669
3778
19
2883
6772
3474
6910
781
927
7032
4277
1629
75
8331
5179
9717
5213
6858
7317
6383
5945
3845
8079
2910
3073
5950
10
4167
1028
6546
5713
5627
5298
3426
1677
3662
5598
7069
9841
3810
2496
6496
7510
9158
8676
2084
5811
6409
1465
924
5287
9814
3163
9465
9931
3048
4296
3470
7705
940
6138
2509
5001
8918
4601
1810
2424
4261
4642
2109
520
5638
2460
8677
1724
5621
8674
8013
9775
3072
7941
3767
215
7781
2833
4017
6220
3161
1171
1542
7136
5960
1193
1745
2489
7104
9646
1502
5810
64
5197
3251
5028
7043
5414
7463
4189
3616
6599
4661
388
7871
1965
3602
9066
1910
8897
850
4651
4728
3040
9011
5631
2230
2605
1596
9980
6708
25
3306
8649
8540
9017
7466
8911
1597
7181
2702
6945
9977
7125
7325
1783
7835
3244
4488
8249
8887
7642
9896
6068
9344
854
9728
1478
4233
6200
4795
3711
8607
6579
6112
8933
7537
420
7266
7957
7709
2831
682
2332
9610
6137
6771
9207
9356
2324
2748
608
2577
4791
2292
9970
3834
1449
1716
7065
6027
2598
6509
4385
1174
4454
710
5396
1268
9888
1646
3332
6403
7694
4929
5151
5773
9568
7730
6117
445
7753
8145
3681
7199
6721
3890
8125
9454
8366
3085
2566
1582
8905
621
5325
3221
2716
3024
5611
6650
7951
5365
1095
3672
4691
4984
6567
8781
1996
6179
4231
2091
2322
8288
8517
7114
8336
4424
1903
6941
446
7876
4459
9178
9351
8443
9554
913
6407
3293
8859
1528
3503
5308
6107
2501
306
9699
6889
4913
8032
2677
9234
8437
6193
4076
8339
9714
3480
8613
5474
6885
2982
1418
9510
7097
6037
3573
3079
9324
785
4132
8846
6015
3282
7684
3968
2541
3734
7447
6704
7847
6558
9544
3337
6150
2314
8351
7391
7986
7546
1349
1205
7283
2326
9803
7874
9530
6009
6909
5017
3497
1428
8680
5252
1781
7594
5808
7675
4190
290
8188
3452
5988
4750
9952
3010
3824
3193
1447
6002
7063
7940
6540
216
5882
9126
7347
2021
4050
6429
3069
1473
2994
423
4272
368
4879
9245
8007
490
5863
1912
3106
2102
8567
686
7930
4269
1209
7666
7995
2823
3712
3413
5537
8253
321
5085
6203
7467
853
8822
8957
1198
8399
1334
2459
9910
938
553
4544
7001
2707
9639
3766
4602
566
6505
4738
5617
8136
6393
3759
4907
3578
1257
3286
5075
623
9169
762
1129
4975
8201
4872
4318
2404
3001
8046
9566
7619
643
8085
2635
2387
7803
1467
9516
4292
1538
8497
4576
3526
610
3290
3781
5668
6057
8087
4848
5466
1415
2498
4129
1734
7179
1721
743
4935
2744
7703
5041
4789
8356
6456
3899
2391
360
9278
443
9807
6031
6717
9379
6630
7596
9660
6767
5899
4616
8877
2386
9491
4952
4156
123
2548
2421
9101
435
9534
1909
1186
2798
4864
4697
2345
6719
7909
158
1844
4289
4878
3513
3730
9358
9094
8508
7965
5160
2932
1182
114
3928
1547
7547
10010
4262
7738
7610
3178
8964
7146
2266
2183
357
5392
6030
2595
9179
3784
251
3435
1091
9176
6522
3131
1376
3362
4451
6988
122
9824
218
3409
5411
515
275
982
126
2186
9769
7782
7226
10007
1388
2462
969
6699
381
1660
5008
6175
10004
5154
1181
4098
7710
3469
4562
3819
3725
6978
8236
6901
805
5425
481
6833
4944
28
3000
2276
9955
8156
1276
7272
648
1792
7880
7186
4194
1373
4884
7769
9749
4840
8789
4492
3982
4053
2291
8720
6893
1259
274
1185
1948
9400
4266
367
4687
79
9840
505
4814
186
6823
7717
4723
4608
4896
3361
9997
5640
9711
2721
4395
546
4894
7560
6106
8656
3889
5767
1114
8604
899
6222
9961
137
2558
3698
7080
3310
1977
882
1551
4475
7403
1738
7844
4498
7402
353
8027
8899
4656
4886
4666
1323
1020
7581
9000
9968
2201
5366
5317
8763
2313
8152
9681
1564
7145
9691
8073
2841
3689
1310
3763
6329
829
7252
6706
3197
341
5358
5701
3514
692
3285
4397
2830
2011
7608
524
1224
8857
8561
3384
3199
5473
2499
9826
8625
1225
5069
5938
2077
2471
604
5877
6864
2850
7201
9286
3379
256
2090
2934
8768
6969
2139
6982
1879
8186
8843
4566
485
3702
2596
3410
2242
4002
6907
6464
8451
6300
4777
6058
4648
7590
9089
6249
6775
7906
548
5687
5518
6029
3524
5282
1588
7937
4773
833
3487
9260
4753
5453
3671
8427
4160
4159
771
6962
5458
9118
1935
7761
2441
1793
2293
8634
3603
2679
3182
4195
8661
4493
2904
8207
6658
6488
6070
7678
1732
7757
5915
2012
6813
6306
9382
1208
506
5117
4924
2209
7002
5470
7528
2774
8341
7240
3496
6389
4522
3907
1087
9272
3331
4196
6837
7444
9852
4772
5953
6003
5503
439
3034
1612
3422
691
3399
150
8359
2655
5914
2491
9726
7962
9367
9924
9291
2694
3782
8214
7012
8148
2075
7364
2717
722
5116
2204
7852
2157
9028
5201
1172
8343
943
6637
6627
4408
9264
4843
1304
6012
4841
904
2886
6274
514
7647
9395
4858
2983
3615
2469
3492
5655
5800
9383
9374
4225
1255
619
522
7197
8993
9393
6541
9565
804
9928
8976
1493
6781
4043
9756
2738
8559
8556
8049
100
6120
6758
8692
658
9875
1532
5217
3821
5140
6445
6498
6105
5002
7687
4255
3175
7579
4139
9542
6437
3861
5819
1788
3553
8945
5892
182
2658
8760
3115
6455
1350
6991
6563
6737
7037
937
7329
7575
5202
4904
237
4364
875
4123
1047
7081
2414
8809
5929
3692
2870
6255
5633
112
3288
6690
772
2806
8347
5922
8306
9880
7668
4201
5443
3045
9887
4741
6379
4039
4717
4554
7399
5527
264
4155
6840
558
359
4547
299
7162
7616
10026
6624
61
3967
9604
1853
7396
12
1544
4787
4346
7582
887
7494
4287
672
7810
1940
1825
687
5111
5798
4420
7977
9577
2431
9884
2403
751
8614
6842
2701
3138
13
2877
8518
6171
1723
4490
91
1204
679
8092
4719
1837
8449
8304
5416
4131
6089
2363
847
3181
3425
181
4869
7990
3110
4286
5076
5384
2545
7346
7154
7929
6577
10002
1700
4118
9563
6075
9230
4223
7309
3093
3530
482
5747
2177
8653
7484
5923
595
2572
2259
4542
1522
977
9688
1454
6458
6164
3225
815
5488
7724
5728
5318
2426
169
1475
990
3255
1931
3849
4683
8641
1720
7632
146
4871
7092
8496
3836
2171
229
344
2229
6687
7732
5659
2861
2683
6013
6064
6238
5359
6108
839
9021
2614
2921
1744
5816
3104
6338
8067
1212
1868
9051
5583
2556
1000
6145
343
6801
6568
4111
4693
1477
7338
477
6561
3440
3609
7093
3466
3565
142
3325
8917
3932
625
8654
2784
1029
7098
201
6415
8045
4565
2681
3546
2371
2311
9676
4389
9508
1648
9209
2060
4033
4276
190
460
6747
2224
5355
8072
9501
6095
4867
6392
2009
8219
5760
7087
5791
9868
4868
813
7857
7700
5853
6209
841
2142
6344
3577
1191
9025
5848
1354
8149
473
8900
6326
4236
6620
1683
3347
4383
8617
9115
8308
3373
863
1797
5148
7674
1882
995
5547
9429
1485
2555
1219
8144
1210
4317
7719
2664
1934
1650
3772
9281
9779
1298
9262
7893
1027
1357
8386
1316
4251
7291
1263
3605
5634
6194
2427
3685
304
3977
8648
8076
7223
1536
2838
3213
2725
2130
6243
9250
1090
4969
1779
6365
4105
5182
3299
4815
4938
5455
47
7273
4564
900
8042
7235
3771
291
2288
9167
6265
5632
9658
39
5198
6401
157
1066
5691
5707
6571
8721
4725
3873
6390
153
9404
4996
8300
8232
4731
184
2696
371
8023
9854
4051
8457
600
698
10017
6924
4887
998
2992
9049
5423
9963
670
7744
2456
4293
6952
1238
2588
3753
4732
2765
5613
1164
4227
1567
8064
4992
5274
3837
5566
315
7034
9136
2104
7966
4309
7656
4037
9305
308
599
9153
5277
2059
3993
2317
7386
4087
9560
9193
8767
2766
7925
5371
3613
1234
8481
1237
9937
5965
1371
7865
4338
2953
7130
3118
4491
281
4148
4733
4956
8303
7726
358
613
9485
3800
2304
9939
4135
8301
1008
7633
5062
9139
6341
9772
9905
5044
7373
2812
3071
5665
1410
5750
200
374
8311
9953
6462
5410
5832
6911
653
4414
9224
4526
8698
1514
4637
8782
4407
7495
3736
3799
7519
6313
1327
7779
7924
4921
2534
1654
2287
5285
7980
2442
1052
9783
945
6333
5280
5551
993
9494
8090
8854
8278
1859
9692
1346
2353
4517
5778
1162
6237
5079
3568
2126
8719
4808
5363
370
6131
1412
6553
7160
3143
4344
9762
1631
1599
1104
7571
4586
2607
9323
3427
590
2248
8487
9701
2773
6244
6129
2792
1330
3444
99
6287
9871
5475
2185
3270
2254
8381
1526
9064
8693
2121
3953
3031
5912
5737
4549
4206
2352
6425
8516
6992
4856
453
2767
6346
9314
1216
942
7423
2562
5635
4026
9362
334
4125
4458
2277
7123
9440
3156
6305
6205
1878
1271
1947
6523
176
3550
9552
9907
4804
3559
6170
5967
6301
1049
1978
2799
3382
7363
1972
5974
8834
3005
2612
6224
2740
8382
6476
9548
4561
588
8164
5921
807
1990
1911
1400
4676
5338
9580
1892
7502
7609
7449
8632
8262
9165
6503
6925
1713
3378
4466
8483
1759
7662
4042
7293
1223
5805
7922
651
6307
8108
6508
3277
7849
7207
2907
6798
8702
5389
1921
517
5
7568
5884
7360
7764
4126
889
1681
2976
880
5401
5587
5428
1430
6891
7628
4171
9833
9416
9886
1421
1314
1282
3338
2791
2633
3644
8820
7257
1062
7435
5741
3271
7147
2882
511
9445
8875
9889
9925
5754
8895
3582
276
1603
3026
2234
9702
1233
6254
9594
3323
1993
210
2164
3463
1951
4170
6638
7334
4902
6766
5517
2661
464
9361
8005
7815
5936
3820
1322
3122
7096
8935
6022
7398
4419
1889
3296
8815
3441
3279
1642
876
4029
1718
1023
9708
1398
1873
9655
7516
2626
7432
2926
8969
6290
2018
9863
3476
1937
1506
3634
3946
3663
5677
7862
1292
6517
8295
5262
9601
5271
3830
559
8373
1771
6500
8169
7562
2010
3198
1050
2217
9945
8199
6382
2549
4834
3481
8949
3060
8024
870
6336
8448
9213
2898
4613
6267
3750
5332
7280
3679
2043
7414
909
4821
5230
8159
5236
2568
8337
8224
725
4143
1061
6851
6325
5144
57
3266
191
6431
1959
9933
7159
3579
4323
2786
1900
3924
1565
1540
7956
4685
1922
4088
7243
7944
2046
4057
8375
4280
7996
9154
2169
2251
5670
3028
5451
1743
1661
6570
8715
7198
7409
1009
7204
1625
7867
944
1306
8690
9467
9318
8315
90
2688
2929
9918
8068
8348
9627
1385
747
879
2591
8751
700
4024
4010
2360
1294
2447
2153
3321
3051
6299
6586
8009
6953
1891
3268
5124
7540
4673
7692
7491
745
5323
7618
2275
1702
8421
128
744
8560
4771
3537
6538
9269
6385
379
8723
7465
5529
2240
812
5590
2197
5619
6154
7816
8796
1995
3162
8630
6447
6272
3245
1339
641
4216
4891
5705
4487
1457
3348
6223
4063
2466
5888
4007
3226
3472
5102
9190
3956
9319
8558
3167
5981
1670
4220
1285
4471
1851
7542
2880
328
4257
69
8871
1167
7108
4398
6657
1195
3755
3383
4593
9056
2704
8601
72
7518
9147
2755
3699
4682
3312
2724
7899
7544
1384
9489
8243
314
836
2082
2443
333
461
8037
361
4321
5829
5993
1134
7008
6899
4737
6148
4603
8963
9284
3617
3432
941
419
8419
3094
4515
9724
8778
8099
5499
1035
7224
9748
4930
491
369
8267
4213
8939
9145
202
1769
7828
4949
856
9195
709
5835
7859
6588
8458
6644
1865
3661
9603
2819
2158
3581
3815
9040
6589
2881
5424
9397
5273
974
4476
2594
4380
7872
5513
6139
9238
8374
6631
6446
1325
8722
2539
1267
7359
7259
4009
8582
8609
245
3022
9971
6506
8524
7653
4122
8387
5347
5812
4966
1838
2124
7070
1408
9023
2751
779
8891
347
2419
7141
1127
2212
9316
3804
2759
8992
2335
9496
2708
489
1643
7934
5442
8031
4677
5061
2963
2478
3276
1815
7850
9948
5959
1871
9944
8327
8892
6384
581
7897
2547
351
5145
4003
58
2826
7410
9482
2205
44
4334
6362
5602
9789
2622
3475
950
8650
2608
5087
2845
9751
1026
4418
9210
3126
279
5865
9602
8965
6218
4208
6809
6021
1332
6014
3788
2482
6841
6448
9001
9572
8418
1372
1637
7701
316
9915
9290
3668
7663
3727
4897
9349
8725
7044
8636
6153
7801
329
2069
6634
337
3523
757
8260
1966
9549
8431
2971
5796
4437
4348
4112
3975
2885
4467
9503
5320
4415
2581
2835
830
6225
3760
2026
7431
7
6536
5238
999
7246
6103
3608
5879
8783
821
6270
7148
9622
2584
2691
8894
2712
8870
9292
4200
9671
9967
406
577
808
2025
3411
3534
7654
4335
7168
1048
1715
9403
2769
5159
675
7420
2832
6449
7046
9321
9653
9650
4541
983
1828
1976
7651
7202
5293
5777
6973
5526
8472
9093
8878
3512
6435
9633
5697
9634
2946
1594
962
6545
8175
3158
3464
6679
4709
5291
6903
2237
10008
8570
5822
442
8016
838
3012
2080
5660
7875
4865
8865
2408
1975
3687
4528
1846
2789
10012
1590
5420
9304
2267
5607
2347
6039
1605
906
196
3298
3987
3704
4448
8352
3642
3439
7623
4274
5644
6799
5508
2225
7164
3116
9425
9687
3787
948
82
9300
1615
9202
3004
3757
543
4671
1374
6608
8633
2536
8026
5521
6442
3525
3454
8658
2514
3318
6135
70
6277
3032
9221
1826
495
5776
8430
24
2601
5097
2777
4957
4021
1916
7472
5452
7367
1969
8265
6001
6906
248
9796
5837
5696
1156
2041
6890
9455
2211
9810
8113
4926
8852
8790
7731
6408
2480
3913
7592
3102
3543
4175
786
4936
1508
8218
8588
8053
10022
4849
1685
704
5042
1986
7778
4757
4432
6071
8591
7952
7773
7412
339
4032
8861
9793
1046
5999
3705
589
8482
3545
7267
797
10028
6316
4184
7557
4615
2757
9908
320
4375
8515
1347
8811
5232
735
3477
2380
4679
4695
794
1441
6592
1580
570
1010
3451
7374
2801
454
2433
800
8585
1297
9347
4968
2198
8480
9574
5926
6703
5234
9985
2563
7569
2649
5766
2884
2863
9906
6368
753
6450
6791
1196
3185
7766
9645
2432
6756
8566
1585
8318
4825
6795
7566
8371
7015
7818
5514
278
1801
2448
6590
2966
4426
3511
7572
3044
6452
4217
8502
6751
9533
5104
7585
2741
2978
6273
7722
9102
2602
4247
7584
7515
1679
1657
9259
5481
4792
8094
3743
8298
2735
1593
7900
3844
9054
5123
3878
2473
9736
7524
4932
2470
5991
2278
2390
1563
732
9590
5554
3716
5661
5825
9252
7419
8962
7023
163
4823
4755
1342
5152
7714
3261
2923
663
8686
6101
6060
174
8860
2800
2184
1887
7052
4587
4342
2052
4800
8044
2375
2600
50
3501
2154
3965
3345
8972
8222
225
4730
1202
7416
8786
3677
8396
7473
4047
6461
4588
6377
7747
9521
4989
1606
6678
5177
4504
1658
6279
9950
1067
9774
6898
3826
4066
4212
4917
9129
1360
3842
4152
5954
4985
2967
4581
2106
5020
6860
1309
7377
10018
4421
3768
364
1537
3638
7752
8616
1301
5589
1799
3710
1243
6285
9402
8489
3709
7775
9346
5932
3455
8464
2329
3780
975
1524
730
8139
1730
5113
8538
7192
9164
7679
8168
5792
313
770
2195
5059
4480
7061
1463
1890
9306
4429
4803
5530
5845
9705
6475
8442
8531
2565
8140
822
6201
4925
5120
6046
647
5209
2239
3291
3611
8116
5549
549
776
5889
5110
4622
4284
4173
2014
521
557
1124
4577
8832
3212
9607
7121
7021
9163
5507
5081
2312
2891
3593
9119
8429
4667
4399
2402
3741
1206
9818
609
550
494
8953
7704
240
474
8714
5472
300
7462
9372
1968
3103
9995
1621
6263
9570
4670
327
1640
6473
4185
3062
7858
5875
9927
7349
5369
2094
6838
7177
1573
7083
5568
4816
1042
7331
6210
9743
1824
7740
6343
2053
2044
6167
1409
8196
6124
2301
6351
6350
6965
1767
4910
5043
5674
9074
6661
130
3317
3883
9447
817
5897
2092
5625
103
8573
1045
1166
9117
5135
2918
8378
8584
7099
8475
6580
2796
1056
5830
7221
2479
4326
5857
8065
7241
8153
4714
5820
5311
7171
1451
703
8296
614
6391
4875
9062
5137
8818
1652
2629
2567
1284
4584
8280
6916
5533
5854
2939
8471
4614
5851
2331
9576
45
5714
5108
9903
2318
8927
5334
4764
8066
1227
5194
2639
5342
9518
4943
7211
7302
3107
9369
6331
1611
8919
6195
4413
1775
6578
2189
8835
2665
7356
4657
4874
9414
51
3460
4055
6111
8652
2160
9335
9464
1303
533
5300
9866
2504
7754
5742
7737
9593
8379
2159
996
7626
9435
2056
4873
1942
1943
8576
8376
6288
1221
1918
7622
4392
7368
5643
9585
6593
2434
3989
2342
8631
1787
9936
3320
4304
271
7599
9608
7055
2957
3510
4142
4278
4521
9375
1459
7621
3682
1834
4625
5694
8780
7082
4866
2620
2663
6478
5723
525
5176
6626
3196
3229
7907
5720
4880
2063
3729
5698
7332
3208
8847
9173
4058
9659
8494
5164
7551
3007
3120
4767
3952
63
1761
3258
6033
2896
574
1490
5170
463
7506
6146
2634
4846
1886
483
5911
7269
2377
1955
9134
2246
649
7366
5939
6875
7047
1183
10016
2879
5196
9122
5579
3328
1154
5895
9591
683
6427
6163
3998
3840
9811
5054
739
3918
4127
2282
5010
418
3037
5284
7170
6241
7285
10014
6294
9208
6268
1804
5978
7089
2143
6900
8774
9584
9528
4411
673
4409
5992
7326
1773
5984
2933
7481
6211
7976
3675
4109
5866
5352
5864
866
1
3171
1703
8297
7351
586
3676
3589
2302
9295
1772
4207
4820
408
7451
5036
3934
7695
7200
9514
3871
1835
7526
5612
2148
1550
143
7076
8995
4962
1425
3272
8147
1469
4793
5689
6493
1488
305
7328
5485
2822
3206
2048
5039
9488
4782
3429
4016
9120
1930
6879
3894
4095
9095
4052
886
4619
3260
2698
6371
1439
7617
4573
5407
1147
3220
1115
957
7381
3869
1939
8355
3544
3601
4497
5538
3904
9685
396
6705
3900
7926
4961
7834
9044
5336
9540
2666
903
6995
2825
5265
1019
5093
3949
7936
133
5878
8484
5755
2305
4332
509
424
2170
6684
4611
3054
3467
8730
2165
4486
7564
5183
3232
7942
5610
3189
9802
7214
7667
4572
7864
1517
3909
949
5302
6269
7217
8817
5930
4680
3984
4373
8966
6369
3437
3625
5409
3453
2145
27
2095
4205
7180
2247
7490
5221
9034
1945
9786
1397
1974
168
1894
5629
9891
5029
9215
7685
9128
4100
3865
9048
5745
9962
5803
7932
426
8803
4922
4124
5887
865
2529
8924
5649
4222
6266
4569
5731
2670
2031
763
7113
9116
9423
2073
7310
4970
4104
2919
9035
2000
5276
1548
820
6532
1280
7620
6955
1692
9449
5261
8403
4226
9146
565
6242
4535
3823
4701
8281
9632
9105
6028
1037
3587
5744
9806
9405
2771
1242
712
1471
3862
3997
1390
4653
3380
7370
2673
2500
9308
175
5463
3365
2264
8590
1665
6883
3043
8204
4241
9326
961
8776
239
475
6044
270
1070
2325
9550
4388
8158
4354
4983
5516
5126
9407
3130
6896
4953
8193
232
1098
1444
4461
1071
5404
2768
9700
8519
6997
5739
2454
444
6668
5603
6356
4606
3355
861
8273
8756
3372
5260
5839
3014
2574
7869
2054
7954
1686
5586
6555
9322
8082
8667
4832
9027
4465
6056
9031
2307
2156
5693
6250
4721
7799
8314
156
7166
3491
9486
4405
3153
654
9551
4330
6348
4945
3405
1866
8841
554
859
6010
9125
7324
1274
6761
108
2181
4045
7838
7921
7533
227
2340
6114
2631
6895
466
9954
7627
7489
527
9477
9453
561
1333
9039
585
956
694
575
3509
9277
5114
4660
3921
6080
8565
1535
6042
714
6912
9636
8637
145
2597
1982
7762
4663
1278
2878
2940
5132
5402
7503
2571
789
6810
5736
6280
5190
5129
576
1566
832
7026
9433
6524
4221
2540
1521
3358
2987
9722
639
9078
8133
2507
2525
7981
8006
97
5225
7342
7151
7786
9917
902
3078
1739
7606
1152
814
7327
9059
5027
6239
2385
9228
9271
2227
1059
7057
2795
5142
3991
5782
7025
826
9795
5477
9975
9143
5729
3063
3794
5969
8230
2675
9575
141
3879
2497
7975
3882
2719
2151
8238
9558
5667
1379
6733
5244
7250
5622
1545
6309
3214
4417
3560
1392
8920
7392
4545
5491
4000
4069
84
5671
3369
1102
5908
5138
4650
6970
7090
5934
4991
5495
4297
9411
5847
9342
6424
2081
6110
7950
3974
5524
8943
7822
263
2175
8424
8450
7388
1821
3738
5651
2640
9529
8048
4993
1924
195
564
7379
8901
5006
8934
8394
8753
7624
3722
5614
6877
7915
6504
3853
9892
411
9108
5459
349
6162
4327
2713
650
1581
8950
5248
6768
4345
4090
3567
7545
7804
2078
4404
1437
9986
765
8041
5983
22
5543
5721
8706
4019
1299
2787
8699
1300
8704
4948
4754
8825
5429
1690
3204
8119
4481
6848
6748
7418
6645
3641
7167
1748
5157
4472
5275
8420
8226
6535
6880
2
56
4537
7733
9133
4972
8513
7305
2140
5156
6936
7117
2315
9257
1105
2513
6303
702
6234
9283
939
4068
7522
5438
151
9505
8163
1659
5496
4623
9644
9263
7641
4279
6913
6701
8659
3356
7530
2420
6147
1494
1466
5902
3556
4918
7690
905
5685
9220
1403
5836
1970
2924
4361
5418
1361
4001
9999
498
6726
3646
8211
3658
1253
1022
5211
9916
1290
7318
7793
7529
2941
8367
6697
3349
1869
7790
4905
212
4703
5155
8173
7887
1963
536
6334
6961
8581
9033
7604
5245
1051
2024
7461
9457
2187
1283
9851
6491
1448
3640
4067
5233
2970
3289
7401
4988
9586
8036
2979
764
1351
6566
6094
5933
1691
1575
9920
6856
1906
7452
5094
0
9723
6276
1246
5065
3552
6993
380
8595
1852
535
2824
1796
8100
840
2487
7514
1239
2578
6674
6874
3969
4232
5827
3076
3645
697
622
7300
1060
8485
1897
8310
933
7548
6208
3985
3205
6192
2642
9704
2991
8880
2249
7884
7184
6888
8752
7982
7576
3237
6182
2445
9994
1583
6166
891
1790
1695
4370
7712
3315
2915
5415
8272
5035
223
705
458
8850
3047
7411
6946
1929
9755
2407
9506
5158
7791
7290
5038
1106
5994
8086
4041
8553
5292
4250
9788
1157
6863
4756
3327
5658
2463
9703
5068
9085
4394
4920
8545
4470
6233
8383
9053
9227
8361
1489
9487
8178
5862
4379
2167
5309
4460
5395
5433
4101
1024
4181
4061
4978
1610
8997
1241
8479
8853
9855
4341
8807
5990
2922
8486
7671
9058
7963
26
5339
9325
6928
7743
5946
931
4999
9152
261
3042
5789
2152
1078
2108
3697
3067
4664
9559
208
260
1187
8928
9217
6119
1483
3571
4768
1476
5091
3061
2794
3955
3448
4501
2339
8858
9798
3057
8890
5121
2894
5768
9368
2818
78
729
7541
707
3607
1159
9432
467
6797
8461
716
843
2144
7385
7255
6374
5560
3906
5650
3342
4343
5421
1491
282
2389
9475
6933
9312
7841
7233
9226
465
9978
1110
1570
4599
111
8422
5361
8615
6370
5690
6741
845
4482
5388
3090
6796
4211
9460
5559
9198
4831
8047
1069
1175
8757
7756
2927
5780
2836
487
7836
9900
7278
3959
2003
5578
9615
9694
7943
6122
5080
1999
3407
780
7768
2911
4779
3389
6413
7430
7878
7979
8350
7644
9218
1213
2274
2805
9137
2585
5532
8532
7960
6940
4270
3235
7565
1423
4533
8886
2813
6423
9075
5011
9846
759
4626
7821
8762
1808
8433
154
669
2235
1630
8057
809
4187
715
18
9890
3816
31
9231
3814
7820
1907
3075
4172
4322
3948
9654
2855
717
2271
665
2502
7721
2871
1622
516
1038
8029
6557
6436
129
2417
3132
2038
6495
3614
7238
1644
9782
5861
8536
8264
9144
848
2874
7446
4592
8533
4724
9823
8974
9339
2296
5312
8162
7987
8856
3097
579
9084
309
7693
1552
5382
9898
3747
6172
9204
4899
4166
6327
4097
4749
2954
452
930
3966
2286
121
6734
8151
2858
7891
7247
8250
9150
8263
4268
377
4386
1450
917
5109
9581
7049
7375
3241
9329
172
2523
1950
3639
9500
2624
5989
1177
3188
4197
5763
646
3408
1353
3082
8838
6048
4508
7220
1145
4107
6358
3951
5053
9182
2155
9947
2959
3498
3339
7158
6151
4931
2210
603
9912
6718
7213
23
4146
2680
9914
3006
5391
5511
2873
4836
3184
6318
6518
3387
7426
9340
8365
6414
262
3542
219
1829
1200
3575
2438
9976
3528
7928
5193
4604
7344
1468
1039
8716
9525
4071
8669
2533
8395
4796
5088
1696
5624
1247
3574
2338
9901
8074
3905
9099
1726
2032
2788
9203
6072
8137
9596
4356
441
8055
2782
4299
6492
7913
8276
7394
1179
4850
2256
8206
244
7442
8124
1453
7509
2611
1944
1116
7474
7006
7091
1578
5279
5548
2429
4468
4877
5071
2790
8141
4672
1634
7658
5412
9794
2468
2444
2636
4824
7597
5432
8307
5188
6565
6247
8209
6482
7088
3490
9911
9582
571
2840
4005
2895
2202
259
1689
6727
254
4099
2192
3484
1766
539
4106
5003
8812
9426
1749
2252
288
247
4477
8358
5169
3283
2654
541
502
8579
5450
6824
1433
8801
209
1693
1203
5077
4916
618
5215
7649
8643
1864
9409
3659
9459
9235
8052
5049
5446
479
1768
2828
6616
8245
3988
4885
5326
4254
414
4720
5555
9350
6315
8746
7428
7029
6966
92
2244
7955
401
3999
6956
8829
9619
1432
3690
8292
3033
8910
331
3154
1264
9696
4797
6381
7741
9642
6651
6004
5893
1190
2553
5536
1729
8498
3731
1867
33
81
1807
7354
4474
9583
1616
633
3726
3990
4324
2599
4144
1012
3436
676
6614
819
1168
8332
4036
1513
8736
5171
2337
2440
1111
1452
8881
6714
178
2980
2336
9376
8868
6976
5913
3180
2742
9643
4363
9527
5794
915
2147
3954
6337
6663
8202
4628
5669
5724
9949
4253
9022
1849
4291
2560
1217
3599
7018
8118
5364
2859
688
1785
1295
4644
5471
8177
6822
9862
348
2573
4294
2362
4360
8914
1464
1885
6197
1007
7570
15
922
5063
9293
5498
342
6542
3064
5648
3127
2051
1326
7798
3159
1458
8002
416
3353
4745
8999
8423
8991
3925
3620
3718
6755
1534
6157
6904
9345
2770
2852
8937
6188
6669
5484
7182
7445
6716
2925
6507
400
6347
6618
9624
3313
6752
5370
5856
3087
1402
8851
6622
3101
9587
4726
5315
214
6757
9424
7350
7260
9032
206
8535
8665
5623
3397
273
4947
2807
3172
9686
2173
3461
3404
5346
5771
9247
4265
4013
3370
2218
7945
4381
2100
652
4218
6615
7676
5833
4072
6774
9822
5510
8989
9964
2569
6474
4384
5314
8772
6777
4763
4681
4694
4799
8412
9378
2283
6005
7149
8368
1269
9630
9877
4056
6226
8135
8983
1138
4018
2238
9495
981
9106
5026
6047
9364
350
9334
6253
4145
4609
3402
7306
106
6865
2995
2999
5540
873
9042
2074
7605
4556
7103
1006
295
9675
6604
3600
8909
363
7967
7229
869
1083
3970
36
2621
9996
3233
5256
3049
2405
6041
678
5167
9299
754
3943
8022
5180
2867
8258
5203
3964
4457
746
1832
6185
1973
4183
3066
1192
1416
5058
1262
3885
4575
4362
6352
8161
2483
8765
5319
8112
2245
1619
5757
7708
6587
2409
7964
8882
6731
4028
138
3145
9472
8242
4393
1249
6335
3765
4103
6923
3769
2486
1633
1287
448
9557
425
3604
6677
9065
9874
792
2007
4353
5153
9394
4981
6746
2299
4093
3294
2776
3335
3113
7958
2592
9010
7783
3580
1666
8294
9838
1151
7901
9813
1137
230
6298
5986
9192
4138
6394
4718
2358
9008
8623
4527
7751
3236
2250
862
4747
9588
2123
7189
9617
9274
8797
7333
3533
8142
2530
7208
8842
8787
1099
1753
7053
7286
3846
1813
302
6345
3401
7110
3134
4805
9721
3547
4264
6359
8866
4833
4117
3336
1602
113
7056
3311
5390
10001
4597
4727
6648
9267
3396
631
3891
2436
8456
6283
3371
9524
2722
5494
9087
2001
4774
76
6380
2200
1188
7042
4235
5445
2930
6293
954
2116
4248
6994
6613
2488
6190
9052
8671
5852
6102
3400
7268
6939
7664
48
134
7513
7698
3597
7902
8733
9388
2030
6633
3111
5457
8104
5654
655
5072
761
6158
1764
1426
7011
8994
6467
1527
6859
1296
2628
8940
7395
1443
3262
8727
5258
8605
2107
5174
5733
1831
9547
7482
7989
7842
2984
5430
7301
6324
4077
9438
9809
6894
5025
7060
4313
5556
8111
8572
9211
9442
7517
3761
6828
921
835
2542
9849
9991
6180
3135
9648
2575
3978
5480
8470
7287
5219
159
3173
3590
9479
4115
4591
1555
2965
4137
5089
562
3657
6463
2714
7335
8469
769
9821
8414
492
9441
8563
1731
7767
7655
1074
5592
8340
4249
7486
2400
4435
7314
1687
8455
3302
1135
8020
7477
9341
4059
7830
340
8546
5883
1364
500
1004
5818
4698
9883
4031
9790
8626
5795
6349
9452
5891
1584
1472
5664
3532
8620
9573
2394
1230
5005
4333
7643
7959
213
4025
2406
3210
4617
6261
4761
8600
7150
5231
1736
980
9385
5534
1623
1694
5444
5493
6246
4845
1579
4511
8543
389
9720
3367
233
9019
8755
9988
488
6483
7174
935
3242
2888
4406
8476
5608
2351
8628
5679
7527
1207
6430
7777
8349
6963
7289
5906
3895
5023
407
432
2746
7805
1530
3795
4083
1197
6397
5235
3191
9148
6376
386
5483
2593
5163
7894
8114
1938
4463
8132
9381
4574
2330
2295
7587
6641
7645
3995
9878
6882
9725
3623
8956
4940
4315
2495
2865
8404
4512
7808
9710
6750
4495
338
68
8389
1754
9618
8961
7312
2889
3735
3234
6202
9766
8189
7107
9155
1571
5301
8651
9156
569
9652
3728
5419
9555
5227
179
7205
6497
2625
8629
6494
1497
4751
2761
6017
1614
4967
3875
4244
635
6212
2334
9100
3165
5205
2131
9733
2411
5512
3166
9310
4998
7631
8987
9776
2395
6191
9740
8793
3829
7175
243
59
5528
6552
9951
4433
7458
5032
8695
6178
194
5544
3651
9966
362
8568
7903
661
6692
3818
3091
1674
7408
5268
8003
6477
4086
1980
5639
8274
8663
3807
5881
587
5133
7337
3700
3703
1617
8180
8988
3155
4484
2162
8792
7440
1149
4430
8401
4980
9569
8129
923
4350
3095
674
4161
2993
825
4630
6433
5972
8908
10009
9197
3447
9110
4128
486
4446
4349
5131
4427
8606
2428
187
2047
1273
217
7126
9073
611
3518
4355
5206
9199
2373
8392
3691
4147
8081
2036
4431
3598
5779
8130
3739
877
3305
8534
10020
9835
9531
3053
3395
1901
9142
5637
8958
2652
5788
3562
104
2418
6830
8000
4210
335
6724
7095
5871
6743
1591
7315
5917
1092
5012
4204
118
5333
4853
8805
2747
6402
5208
1880
4168
567
1604
4743
5289
1337
2269
7450
8155
8507
1331
3003
8712
1798
5413
1667
4912
6675
5545
2281
8936
8975
6917
2320
3886
98
3749
2174
9127
6921
1592
8707
4610
2821
7304
7144
9091
6849
738
171
2364
9946
6686
6873
6544
4260
8183
8862
40
9389
2050
8844
2512
5294
6897
3922
6643
5100
287
640
