9487
8609
6012
9655
9533
3716
3490
4438
8161
6996
5489
8355
2582
4553
9686
948
1713
3916
1266
1292
2117
171
683
2826
3498
3762
5942
4044
8044
9576
9523
6312
6958
279
4509
7526
7276
1531
2473
5173
9280
1972
9789
3694
9855
9565
5542
8014
5910
6214
860
9961
1090
3246
3046
4280
8962
3159
2190
7378
3435
423
9341
8261
2516
5438
1697
559
818
7748
3597
4403
4905
808
957
798
2713
3617
1994
4538
1094
1104
5180
8472
5684
537
3303
6621
7458
1168
2351
9459
927
7661
8599
6923
7974
5458
692
3129
3305
9319
7399
6728
1801
7844
6383
9530
6478
5413
2509
5409
3066
9055
5116
3586
9920
1889
268
1447
8973
9053
3165
814
8840
1683
3842
8308
7679
4352
5303
4568
4513
8932
4902
6991
6275
2090
3090
4929
954
7705
2073
3701
1128
6926
7555
7795
6490
5563
8325
9002
8352
2581
4251
4469
897
4693
1231
144
6529
6712
4332
2107
7803
2066
2307
6450
8272
7622
702
912
246
4694
9354
7314
2801
306
9893
7427
9094
3777
612
8079
6058
8717
8679
8130
5286
10042
6022
830
668
452
9278
3496
1252
6031
3442
6748
4138
9743
4803
8349
6128
2128
7128
2805
708
4546
5566
4914
1213
1483
1823
5696
4733
8439
8800
4877
546
4218
2525
1581
9134
1770
1001
8269
5802
9718
5468
4531
8085
4268
9146
7625
7338
7403
1077
6707
4561
8519
6291
2532
4507
3832
4489
3035
600
4068
2077
1693
8226
3790
1611
9659
5593
6137
3280
3458
8320
9668
369
8063
971
4972
9216
9960
706
7639
1584
4707
5396
2655
9807
2277
8627
8593
5425
316
6301
7794
8615
8741
1538
7903
9073
9589
7015
9931
2747
6356
6381
8783
98
5314
4652
7778
6229
5108
10031
1869
9945
961
1952
8429
2624
1872
9727
8408
227
4916
3737
9916
4934
1129
5719
2062
5701
7020
5490
9517
5700
2549
8897
9889
5992
6417
7025
4940
896
5775
4399
6046
8828
1833
3792
8693
1775
9023
4567
7984
9567
4261
9969
9811
6086
7551
5647
2216
372
4084
6223
9755
7279
361
6886
8329
2968
3872
4812
8807
2195
9708
7872
4065
3564
9553
4515
7845
323
6246
4754
8419
5728
3360
4316
3835
9556
7398
7137
6618
9940
8239
3550
3638
2982
3176
3221
985
4395
3462
6501
2109
5081
7070
6280
5085
282
3826
9583
6174
3683
7342
4198
5590
902
1439
476
5431
5287
294
204
9809
5809
6404
2611
9705
7289
2538
9125
3759
5538
9475
9527
1982
9339
2263
3986
8033
7275
4981
5342
8271
2098
7255
3706
2422
5877
5585
2400
2763
7727
5545
6222
9309
5406
654
567
3299
5995
415
8639
4763
4204
9951
8979
2883
7037
8925
2058
140
4962
9155
4382
5061
7100
8252
8688
2491
7396
7359
3229
8196
8691
4658
5154
4354
7158
8819
4903
7202
754
214
4847
487
4897
4163
7591
6930
90
6185
3541
2339
2163
9549
5681
6004
6085
3506
7230
4371
8806
621
5004
8377
7439
9034
6219
3592
6266
7252
7704
3413
5553
3106
7610
6949
3473
8698
2325
8732
7053
4011
6202
6361
2458
365
4695
8224
6858
9195
3142
7839
1745
2531
511
376
4882
9462
8479
7256
9209
3943
2055
5889
8803
6544
6616
6243
6680
3824
9248
6789
7699
9490
4615
8449
5875
2897
7461
3968
10011
9350
4027
5600
9566
2032
5477
9076
4836
1835
4216
2711
8037
9194
8417
9252
6147
2313
7119
5835
3534
1780
4004
7546
6446
318
4687
486
6163
6972
550
2175
2003
5157
160
9035
5658
2377
3366
343
1659
1822
7244
2354
4725
6328
5657
472
2247
5859
1024
9925
822
7688
2009
3358
3419
10036
1583
8465
5732
492
5616
7004
5442
2954
5495
6630
1279
1930
2075
2288
3291
6054
1763
3622
9352
3516
1853
3984
6320
6917
5891
5051
9712
8638
2912
6620
5703
9480
3367
2556
8049
10034
1359
6987
4473
4900
6537
6826
9144
7508
6980
444
8029
7309
3611
4359
4120
3189
6975
3846
3656
5212
8785
5699
9407
194
5554
7543
646
6556
2068
4225
5374
4863
6804
7798
2252
4187
8817
5757
6288
5036
1812
3654
7443
5967
2254
9627
743
9424
5158
9046
3669
2357
8955
2076
6944
6460
2831
2468
6442
8682
4428
517
4622
1066
5479
9069
1814
9439
8601
3531
8940
1691
2285
7272
8968
8326
7667
417
6426
117
9019
7874
7830
5128
3995
4212
5424
3834
7801
7585
6509
6736
2435
9078
3736
2661
3529
6600
6983
7790
8397
5029
4452
4339
8794
2069
2411
2666
3269
6964
1401
3286
2211
7875
8004
6003
6437
5957
4685
8022
8587
3347
8104
5533
8951
6783
2140
5685
1176
538
4361
9448
5499
10005
5584
9383
4530
223
7169
6180
3425
3204
7596
4406
5250
8598
5660
1684
1773
4179
1333
2161
251
431
4966
8990
8810
2700
6307
6830
9689
5536
2894
3571
5905
4729
7718
8291
3663
7193
5581
9952
3658
5963
9660
7783
6015
5501
9323
3646
722
2037
4630
7654
5777
6427
4459
4217
7007
4310
325
342
8993
7910
9692
1068
7989
1064
3881
1352
1212
6843
3315
4350
2129
2467
4737
2350
742
43
4201
7948
6668
3352
8548
6683
5151
5414
5778
2760
941
5769
7199
6601
8906
5580
473
4463
9081
918
3150
7851
2298
174
6710
1838
5970
9838
2115
1648
1799
5241
216
9043
7356
6006
9848
7799
9923
6825
7257
4560
7545
1498
3509
9744
3064
188
5811
341
1414
6695
8944
7717
6394
3069
1562
37
5943
7183
6898
299
7058
5355
2282
1715
7357
129
8802
1782
5730
7878
6692
7977
6260
2841
8540
1640
8882
4417
2444
9559
3310
2215
5908
4202
8746
9581
131
644
2931
4838
5630
1746
4819
4461
5343
872
5015
4070
8576
2773
5965
3988
5247
1336
8138
3952
6334
2442
5307
5100
7214
4829
9321
6458
5961
4956
2927
8509
151
4990
9851
399
8216
6285
120
6910
3602
795
3403
1651
4823
7059
9729
2132
667
3903
861
626
332
1671
781
5447
2276
2753
7768
3864
3088
7673
7745
3416
4928
6408
3113
2054
3322
2256
8237
2112
3311
1046
4458
9476
4054
2545
3012
6502
2398
5513
8637
3342
4160
8866
2958
5820
9694
4249
5562
6828
322
741
7206
4454
6536
2910
4336
7464
1490
7431
5003
618
6808
2578
6840
4516
6413
7426
2316
9008
508
5159
6784
4664
3044
24
5156
6726
4475
584
9410
9762
928
3480
9210
2977
4242
1865
720
1045
4114
6037
7258
5986
9751
725
8341
899
3207
4322
8179
530
8336
9593
485
3808
9166
5779
7987
6572
8518
1634
8132
8787
1497
1899
8152
9312
3248
1395
8009
9852
1710
4975
1734
9447
3024
10026
3371
6957
944
4587
7419
7713
611
3615
87
3008
1293
2558
5548
9707
9907
155
5709
1023
172
7884
6662
8738
2810
7665
7349
1165
4814
9156
4435
8815
5996
6593
8421
8286
7643
2443
914
4401
2918
2197
3870
4346
2978
6076
3729
1277
4820
9239
3151
8446
5296
2291
1923
7521
7891
789
6319
1688
7019
5223
4020
4912
2379
4681
2228
8491
8279
3644
6494
3630
70
9645
6619
3794
4768
2702
8461
3313
6360
6760
2283
4911
6009
576
228
4017
2319
83
6545
2750
8670
4536
9342
5132
4899
5537
6207
6893
6241
1857
1969
2536
8099
639
6699
5729
6609
4804
769
305
1922
7834
6761
5213
9758
2698
1949
2914
7879
1860
2157
6586
2758
1201
8998
7062
979
3935
2745
5608
7514
1121
1618
5395
7677
3456
4494
9732
926
6747
6928
7636
9928
5720
8752
9582
7627
5795
8837
9215
7150
6984
7581
2010
7372
2864
3522
2327
6876
1582
2608
9703
3365
4405
1166
1576
64
9816
6425
6966
6570
2653
5725
2544
490
5451
1202
1467
2
447
853
5437
2811
2191
1089
9173
1250
8607
6671
4432
7483
1214
5302
2583
3245
4915
4721
3941
5535
3812
1377
676
8273
3262
7090
2026
4128
1938
4211
3985
8396
2440
4032
10008
6200
3124
3364
2874
2008
45
8117
7188
4040
8969
936
8125
8850
3819
7915
2863
9256
8853
3388
1083
311
2359
1556
9489
5208
2882
3512
8056
867
7099
5204
794
4511
6818
5956
2214
9151
8249
7363
1851
7371
7597
7701
6100
5308
8001
7711
2324
5990
9539
2769
6187
4166
6672
2738
2022
3500
5953
3140
2417
6250
1034
2534
4419
506
3414
6344
6039
1768
2159
4343
8215
10024
2425
4999
710
7421
8786
8481
6591
1410
6770
3107
9263
823
1146
6594
9734
8557
5624
3363
3841
8515
213
6729
5362
89
9506
1473
3840
905
1868
1438
9505
7218
6443
6364
5858
5767
4307
5782
3054
6107
2326
5112
4959
5962
9374
1208
2606
9090
5117
8759
4347
2729
2169
6989
6682
9721
7209
3724
3800
2105
4557
7509
1062
7498
4287
5278
4446
4387
8647
5069
5806
4431
6915
8444
4190
5546
9963
2122
9976
7166
185
5874
3205
9964
3836
6114
3348
7557
443
6644
5985
4402
8389
3274
5638
2390
7221
2296
6599
4705
304
1350
9047
2621
3733
6913
2171
5388
454
6641
9651
7266
3139
9264
5429
8743
5971
2644
8184
5849
4320
9591
2438
8539
9360
5328
681
5103
2000
3254
26
2853
6814
7807
1629
7536
4046
6637
4328
97
1540
5902
9137
8019
4154
7057
839
7323
6754
6462
1237
3398
3747
10027
7772
2889
7650
263
8177
6105
3002
630
9753
2595
9380
2851
2337
9995
4028
3830
7883
4792
5509
278
2051
31
4439
4365
5918
9087
424
845
1150
9337
6875
2560
4647
1007
6340
9500
566
8921
4451
7544
1286
2835
215
6249
5567
6986
9829
5211
3548
1675
7114
2087
3304
8634
7107
4500
3277
7662
6209
1906
773
8050
7341
5688
6565
4946
9271
1137
1152
580
6663
9381
1859
4634
3374
5359
3704
6800
3011
5060
3210
7393
2809
9614
76
10045
5515
6632
8839
7949
9612
3626
6171
4086
960
6817
6651
4674
9303
2938
9101
6491
3977
2174
9794
1510
3659
780
8798
9246
6856
2679
6954
8028
7299
6418
9315
7060
8453
7181
7595
2489
2255
5434
4390
2988
6551
6357
988
6424
8169
9599
2670
5137
4759
9971
603
2414
9773
3491
8171
2787
6584
8683
1914
9405
3449
7348
32
1647
8370
9080
1210
1777
7633
6629
9784
3892
3606
4396
3642
4619
1264
4642
2812
4487
9432
750
8484
2198
7154
5340
5866
8876
3183
1180
4162
6457
5544
3552
1262
7141
1727
180
3739
6297
289
4481
8528
5466
8760
6982
9369
4688
4340
10023
6579
3381
8047
582
9463
9628
5142
2981
2405
3653
8387
8116
8904
4739
6583
574
7820
4878
4779
1354
6333
3121
1981
3818
7078
7317
7579
9116
9574
4177
3100
5043
6198
6481
1909
9147
3020
8910
7703
3009
1711
4015
9031
840
3095
7303
3714
3931
6021
6477
7777
4205
4099
287
9548
8081
1411
1870
947
7614
2048
5610
2409
4998
7219
4590
8309
5040
4383
9245
3754
168
5740
5384
455
4597
1245
2108
7953
2044
5595
4375
2106
2484
4009
929
2963
4555
7789
7765
3132
9771
7556
942
6422
3032
6060
1040
2634
5860
7111
6398
6415
9039
4135
5400
9191
6149
2477
9841
9801
6495
9870
9241
2574
3831
3186
8764
8123
1698
1465
2920
4545
6002
5199
5789
253
8477
1802
602
6290
6005
1312
6025
9836
3465
3263
5697
7042
2217
3755
9546
3073
3687
5480
295
6518
9987
5091
5934
4292
3285
8038
4391
7097
4698
1590
1488
8100
7412
8119
6514
1304
6510
4598
8675
3981
9332
453
3769
8141
3127
3401
10025
1960
4367
1378
9117
7417
6562
367
6914
5394
8238
3893
3999
6430
7156
8400
3487
3813
4126
9142
4761
8859
4935
1905
8259
3003
4949
604
6347
9465
7520
4665
5227
7242
7716
3584
6191
1529
1469
1573
3240
2391
3685
1841
1832
10046
4682
4430
7998
7229
4715
6587
5588
3288
9739
8158
8143
3037
4095
4222
3459
1845
7081
5541
3905
4449
1428
5750
116
9386
6860
2721
2825
7861
8407
5941
1724
540
5121
1793
4690
8561
6780
740
2025
980
1051
3973
6133
7394
643
9139
8776
9959
6859
3199
2705
8319
3292
5182
7873
8822
8431
4524
3324
787
6742
5932
3437
7353
9044
6011
3970
9243
3001
2941
8107
2113
10017
11
934
8025
1735
7005
9218
4298
6974
2133
9004
1732
5950
8898
7277
6487
5912
7073
5141
5267
1518
7390
209
5752
9005
2042
1102
5209
9331
9709
9785
1204
7151
1761
9897
9620
7320
3763
261
3397
7354
6667
2520
3785
5076
9919
5020
6190
3976
8730
2984
5885
4389
553
7870
2647
8900
2499
2329
8131
1913
2346
6472
3471
9491
1142
2602
6657
9163
2164
7433
5845
3859
8655
3613
6507
5234
8958
27
478
8384
6567
3231
8111
55
6272
2367
8055
8934
5753
8956
5301
3040
5271
625
9282
7513
4215
8120
3123
956
7531
5427
9329
4979
9564
7549
3565
2523
8695
5915
7254
2796
9697
9474
2901
6459
8090
1839
1132
1809
2598
5124
1536
8537
3098
2513
3760
2261
6382
2804
4824
5357
1944
2732
5552
2292
4980
6245
6221
7825
6254
1742
6767
8863
7587
2755
4661
9968
7641
7104
6696
7270
1429
4067
4857
9092
5240
8191
149
7775
375
1405
6204
7011
9955
5140
875
1580
4797
5131
6819
5804
2768
5706
6047
6661
9525
8187
739
5826
1567
5773
7999
6821
7588
2156
8603
8487
6158
4932
4783
9223
774
9422
5050
7416
3896
6348
1002
3079
4886
8386
1430
7571
7013
4369
3383
6178
7225
384
7411
6211
9588
4620
9696
1147
1081
16
6833
751
7810
2639
8560
6175
2727
8416
9515
2631
6704
4092
8206
7084
1679
5628
8359
9869
5759
2293
5179
2870
5850
1607
8880
7907
6730
4260
6508
7576
8843
1317
6152
3845
9562
1551
8010
7406
7729
9359
8920
1219
8288
9605
5201
6400
4167
9512
9000
4883
7715
3526
1741
6844
9979
7116
1305
6234
170
6155
9150
7867
260
2311
241
3691
8543
2236
7542
2667
7232
9943
5997
71
836
3876
9038
6440
7741
7527
5037
9695
6896
3957
9097
2264
8657
5829
2964
3641
6007
7507
7613
9104
6281
5948
6737
8264
7960
5872
6962
6439
2121
250
1028
9631
8006
3289
688
6063
3375
7385
3287
2772
642
2183
509
7067
5356
3944
2872
9693
3614
5109
1069
7962
3153
10003
4283
10043
6040
439
2723
3801
2462
2601
9653
2504
62
5366
8709
3967
3227
3886
7382
6901
8739
812
2494
245
7205
5964
9358
1349
8436
8975
449
4982
7031
8026
8521
2081
1924
8970
1374
9540
9254
6138
4677
5387
8430
4632
3637
4496
8217
8699
3377
419
9670
2034
5205
8451
8168
5516
7475
5613
6560
9431
8635
6950
9493
9040
9830
3695
146
1299
8147
8588
164
3215
3844
1511
1539
8555
7896
6251
370
6456
7784
5373
6862
8245
2673
3104
9226
6956
6416
1167
178
9675
4246
2210
5718
8304
1223
2196
7175
4503
9608
1263
9140
4629
6933
4890
4633
5991
7375
6611
1810
7850
8198
1021
469
2616
4263
4229
2703
6590
8529
8210
9524
3373
244
5123
4055
3711
6111
4772
2455
6824
8948
1172
5346
3370
8664
9228
8795
9449
2188
6201
1058
8280
8809
7712
5074
1971
7565
7963
1376
6248
7265
7928
2265
6159
848
3954
461
6693
1318
4845
8662
8060
7792
7374
9669
5111
5277
5843
2057
1738
8632
6575
1309
9864
8512
7108
6326
5073
3188
9674
8301
3768
7478
1990
8423
9646
5500
9212
8718
9434
9876
7764
7310
2389
2387
6177
4974
9013
9938
4478
8768
3426
2587
5955
5272
3049
5196
1926
4969
133
6823
5561
6414
8710
6722
4425
3440
2890
5899
7842
8792
7281
5815
2448
2716
8756
5665
8488
5300
969
3960
9803
8926
1284
9526
7955
2875
8894
7212
3045
9790
8285
7430
7932
7489
3650
1655
8302
8126
1943
1493
893
8347
9594
2709
6889
9845
7346
573
5765
3025
579
10039
3899
7159
7370
4710
699
9224
7881
9544
3380
9882
2991
4057
8343
8820
2528
5830
6240
1464
2300
2223
1821
7678
5893
2089
523
428
8631
5854
9536
9288
9985
9997
9417
2939
8373
8769
8289
6384
8941
9930
4807
9012
4825
1957
3015
9262
7468
5422
4410
6995
3255
8860
8594
7856
6604
5276
8700
6282
531
5439
4799
5594
9754
8997
5443
2541
2612
6943
9892
9421
6389
7297
5982
7838
5258
7621
7339
5329
4521
9192
7882
1903
6293
5421
2652
2168
4006
9776
2888
3670
9570
4110
4470
887
9211
7908
4327
6550
1643
309
7495
7168
5897
776
1332
5824
5935
3223
362
856
2257
4082
849
5054
8831
9204
7253
6010
2384
1830
6066
9550
8263
8668
9015
1935
1624
4639
3959
6920
4379
1896
8919
9629
3451
9045
2395
3696
1999
7035
4207
886
5007
3633
4271
7405
697
3169
2394
2249
4485
7737
7050
379
3320
4910
2776
524
2974
308
6687
9397
8434
7373
4445
1662
613
6569
8977
8690
1557
9408
5617
1920
4103
4178
2101
9552
5239
6018
1572
4518
4569
911
564
1919
3520
9936
7207
6867
9962
4876
5626
4958
8385
9326
7093
1656
8745
3391
2630
6811
6453
9543
9336
1384
73
2453
3911
2385
2170
3838
1133
6036
6271
9230
5792
210
1880
6732
6358
7117
6402
1372
3019
1672
8008
5166
635
3260
3476
3105
7261
5167
2704
4356
1516
1258
9748
4172
2678
4464
2524
9884
4278
9197
4936
1383
1699
7573
9820
9924
1676
3814
4424
3788
3719
7345
829
5464
4460
6679
8996
48
4155
846
4923
3179
2856
1255
4269
8696
230
1113
1807
7477
8887
9853
1963
3504
9664
3232
497
2842
6057
3897
3776
2334
7634
6883
5012
8065
2079
3581
6227
2047
8873
9511
590
6265
2638
8350
8418
9572
2562
5104
2149
3253
7947
7994
5478
2559
660
583
5851
2685
1368
9377
5801
755
6759
562
7670
8333
34
9586
2953
2004
217
2686
4230
8480
8281
2514
8182
9182
50
3021
256
9083
6014
4817
705
8922
4626
2243
939
4025
4871
4578
1328
4337
841
3699
9120
335
2186
8098
6112
804
373
1119
6558
9551
7848
6853
5620
1136
1101
4001
7560
5462
5704
9442
8684
8563
470
6724
9161
547
6474
5705
7391
8737
6924
1892
1622
3267
8024
1631
5279
5636
3679
5189
2839
5504
1527
1898
2019
729
5318
7821
728
7958
8415
1641
2739
1099
1637
8274
9251
4235
202
2907
674
4034
7237
7088
4706
641
6798
756
3237
6172
2135
2840
5987
8619
2838
3174
9797
5330
8492
4061
6411
5834
2352
8032
2330
1487
8858
5931
6777
7404
5195
1975
9832
6092
1759
7017
2658
2099
350
135
3479
2496
698
2737
8236
7228
6193
1884
7951
4616
8076
9647
10020
2253
4572
3542
7173
7566
5836
4255
655
8531
7744
4832
1827
2615
9624
672
9547
6247
4423
2830
1385
7333
2822
9804
3513
7143
1912
7189
1047
8473
2353
8395
9227
4714
7369
4358
9857
3554
9922
6335
5086
6555
7286
3525
3829
2589
7779
5391
6273
173
4331
7672
4066
863
8409
3720
6061
9913
6323
4997
1795
5331
4313
5712
6743
5379
2111
9798
5863
8344
1287
924
7530
5605
9843
2348
3279
5459
1663
4811
1039
4091
3519
1970
5587
2926
5958
2445
6992
3601
2092
6496
827
9365
4398
2488
542
1110
3713
3856
1784
9671
958
4096
3341
6089
2012
2035
895
6625
6500
9290
1177
181
7012
7095
7759
3536
7889
2550
4850
4164
9759
2134
8559
2733
9534
9170
5522
3540
5284
8157
2706
5021
7912
1885
3884
9967
1601
5892
9356
5650
8091
3773
6042
4326
2969
874
2368
9152
4551
7860
6126
1111
518
8083
4610
44
1596
6120
7905
496
3228
4537
9313
6602
1973
5304
3668
8612
5771
4448
3394
7
994
6918
1321
703
147
5909
2272
2318
5210
4273
4539
2878
347
6708
7077
6842
4228
7767
1609
5191
3774
6636
5976
4498
4868
5426
9635
3568
636
5099
2469
3879
9909
8205
3404
4548
3298
8714
658
4134
1105
9541
7024
5057
5825
7970
4751
324
9
4030
3543
7187
3354
3446
3217
4189
187
5670
6160
1291
8534
9532
5749
9828
726
2071
1762
352
5882
3448
4097
4748
5797
9180
1170
6799
1843
8804
9022
7422
3803
5911
4576
9871
653
10030
5348
7176
6765
2205
2913
10012
8002
4370
3016
6476
7133
5165
2997
2881
5481
2987
3468
976
9887
167
5558
5808
2080
7584
4145
1737
6033
9972
2659
7686
9883
5403
3052
7424
3
5739
1864
5651
5456
6233
5895
4865
1482
4413
6735
7423
6597
1928
5799
6482
1184
4544
1650
3086
8428
3026
9185
8835
8253
5072
6904
5219
1968
7517
5823
3092
2143
4436
5758
4209
8250
4985
2989
3421
3395
5450
922
8077
8617
6592
1811
4480
9126
4540
4483
3657
5055
15
1070
7327
9772
9443
9077
1725
7618
8456
269
4842
4213
3259
9376
3115
9792
2235
3524
5144
2233
1351
1190
1602
7223
5398
6115
7675
91
7197
1194
93
5589
8136
7664
9895
3457
5399
9343
4938
9554
5368
4133
3609
9206
1248
2154
5423
9221
906
4374
2306
4613
8915
545
7980
286
587
9672
3212
4016
852
9268
8172
4762
1207
8234
5463
7428
686
889
8613
2784
5968
3972
1548
5082
5722
4730
4488
1486
211
5232
6471
8278
9283
9598
9285
6854
3297
9455
1499
1031
6907
850
1645
2944
4601
2720
1436
3502
4525
3390
5170
9965
8779
2628
1496
1222
2333
7849
4830
3172
3677
2481
6256
7105
6455
6878
5597
4769
1635
1174
468
8942
4404
8265
8296
5185
1652
1072
4306
3081
3152
7707
4300
9769
687
220
8305
5887
9642
8604
4843
3000
7503
4253
8088
2854
6024
2665
9496
4930
8330
4901
6206
2027
6519
3460
3563
5419
5572
7561
1526
355
2759
7600
8403
802
3034
8625
2061
2603
1897
9746
6885
4510
5322
6978
1555
7914
2798
5407
8715
1747
3757
2640
4602
8197
5186
4753
879
9885
3767
622
7442
357
8909
6188
4130
9028
398
8703
6421
8937
9466
8102
5383
4174
3338
3270
5473
1272
1705
9501
8753
9441
193
9877
6419
189
2594
1157
8757
199
3810
8758
9021
3610
2125
3257
3357
5517
4495
1457
761
731
533
7815
4323
5917
2648
4650
3112
1630
821
8468
6289
8422
5094
6479
4806
2714
5622
4701
2820
7589
8824
7377
7733
8327
2515
3652
1224
5203
3078
2908
2533
9760
7800
5230
5017
9779
52
1778
6762
1122
2610
3408
5445
1479
9983
5290
5936
4504
6469
5428
6797
5089
8504
9520
1323
4988
1366
2819
2412
4094
4926
1193
3344
2064
5523
3898
1162
1386
6782
9715
191
7080
6192
281
1847
949
1954
8062
2347
5813
9563
1010
7284
7945
5868
3317
4964
791
6041
7457
935
900
5869
272
9452
49
1236
5648
4102
1552
8694
6643
5375
5683
1599
5063
2877
3545
1574
4692
1653
6488
19
1940
4939
1294
3243
1794
6793
3353
501
371
293
2392
6303
1221
8628
4731
2697
1320
2573
696
2040
4124
885
7112
2762
2420
29
94
3444
4927
4170
892
9054
8094
1805
5046
7735
2957
1324
983
2203
9578
7921
2741
3624
1303
1394
724
7324
6049
7021
9265
4010
229
4315
142
5871
1269
4148
2193
3787
3031
8393
4565
7539
5019
7923
1075
334
8097
5200
6165
8454
920
5018
2555
1326
9176
5404
2446
1310
9861
7487
9914
2268
1614
7831
3664
788
5411
1195
7082
2475
3197
5518
4672
1927
1500
2091
9991
4860
6108
932
6295
5448
9236
7121
8781
2527
6582
5984
629
3062
6622
1608
9249
393
3464
972
207
9406
7959
2922
6503
8704
5614
7943
7567
1517
6863
6564
9167
4157
752
6140
6752
2511
4986
1244
141
67
3807
9304
5402
394
3439
8676
6559
1717
7590
6097
7102
9402
4604
3213
7623
9409
7028
33
6723
333
9317
4971
2857
6855
7824
436
7388
7868
1322
1060
8071
1127
6836
7933
3906
6899
578
937
3681
3990
6868
7071
2262
2126
7968
5690
7003
978
3143
1816
6664
7174
182
8984
9815
7537
2660
9996
4471
5494
7944
8053
4554
4321
5249
4153
1397
8791
1092
6688
21
4465
9473
7290
5642
7061
2246
4137
3005
9867
5743
7250
3938
1356
7501
7322
4132
8981
6999
4522
6521
8566
9835
758
9234
3117
7929
3708
6308
2021
8535
8345
9926
1459
2744
2303
4708
8924
5945
890
3256
4188
4596
10014
7692
5833
8868
5993
4586
7432
7251
2466
344
6454
3163
2270
5192
718
6766
1817
5105
884
5298
7043
2576
1043
3933
1029
8034
7780
6331
6608
5611
3168
9742
7055
3740
2546
6075
3039
4484
1117
488
7479
9875
9818
6807
4380
7644
4651
1130
270
6048
114
1327
2664
7721
2985
2232
8426
7125
5472
9700
2150
6727
3314
3432
2366
8961
7685
6976
5723
685
7138
3628
7210
3278
4745
1355
843
475
3396
8040
8577
2474
714
3517
6751
4400
8626
3048
2818
7009
7680
2905
1707
5352
2225
7612
4592
1466
700
7135
7954
6055
1285
297
3501
6409
7811
8069
5083
6183
8985
6372
8493
6244
2498
1185
5498
8084
8727
695
3766
7014
7360
945
2500
2859
366
9014
608
5220
8194
7129
1257
7742
2719
3891
7532
8510
5467
6217
3170
9740
7734
5702
186
6352
3038
771
5149
2023
7191
9860
5972
9133
5188
1380
5033
4348
2571
9257
10032
6164
374
9509
8789
5951
8893
8799
3914
8068
2248
4786
7652
2454
1721
8503
8826
3056
6451
6084
9634
1621
8222
6568
3209
388
9106
8726
3495
1344
1050
8797
4492
2396
1044
8583
3725
6932
8713
3958
8658
3946
1239
8651
7697
6739
4286
6094
459
1408
6786
4800
5147
3006
3276
6355
1453
4486
1441
7629
5748
8095
5259
7609
2464
3585
8163
8616
7298
8721
8170
7312
1704
3994
1932
136
1061
6139
5788
4892
1388
7515
3407
2619
9220
42
1934
4291
1053
4885
2540
7148
6484
4029
4007
2269
3764
9157
4272
3083
4907
6316
6278
9638
7469
5315
9385
3261
3993
1695
337
3921
4950
3301
1065
6406
9017
767
6225
514
6505
9752
9720
6701
9072
4673
991
4143
8891
4186
2800
4588
5623
4100
2028
7096
7086
85
7227
7039
993
2903
9367
1977
4093
8775
8677
10040
9658
817
4060
8556
9345
8689
2459
2748
2871
7647
1261
7351
3198
2915
198
8935
6720
5810
422
1665
9484
3566
919
4585
5028
3438
5430
9314
7793
6909
9941
4414
5326
9056
2902
4944
9071
2478
1108
8070
4818
6524
208
5520
3908
2662
451
4659
3732
4564
4968
7492
8335
6035
8
7123
57
8939
5351
8793
9160
4508
5894
8558
5306
6480
8788
8857
7782
3345
3707
5052
1520
8323
2731
6534
3059
86
5606
1800
7387
882
2584
1788
3689
690
8230
6492
2063
7064
7525
5839
4875
9726
349
7671
412
9123
8154
7753
4421
5503
2736
4087
7002
6310
9571
9502
5933
8671
5726
9850
2552
877
1398
3216
2693
2636
5673
1095
8747
3591
5959
6839
3461
7862
6642
5305
2551
1571
2651
6298
4427
6851
9131
7075
1783
5977
9454
4285
8813
5603
53
8869
7466
1400
4118
5565
4008
2781
8672
1281
9825
6815
1135
9800
8476
9010
2110
4113
3887
169
7267
4646
1373
8744
4921
9007
8059
9929
1855
9486
2358
9279
2869
1339
3138
6771
1282
1371
3133
8160
1474
6498
8203
7726
2199
824
8211
7687
4580
2998
8734
3251
254
9269
3675
3593
7709
9032
4858
4873
7502
9266
8228
296
4005
1701
177
9355
8928
4071
6941
5088
8075
8719
8247
3368
6861
1819
704
2015
1890
1569
4670
7451
4176
1579
1097
1389
4716
3544
9169
2933
5708
9062
3336
4861
6143
9238
138
7092
2778
4535
8808
6617
2102
568
1514
1038
6908
2728
8338
5717
1290
735
5034
9609
4663
4796
4195
796
6475
6366
2349
8533
7813
5096
2632
3655
7809
7626
9939
615
8903
3330
5319
6988
8218
3561
5672
9088
3339
7640
4542
161
9597
4528
9677
9364
3867
9966
2803
3917
7890
8174
4747
4085
1004
651
5632
2131
1670
4621
3715
3705
4021
6377
8185
3306
6638
4976
7972
4874
1522
4223
9468
522
1461
3443
5873
6810
9935
2290
7440
2519
7140
2322
1532
2280
8486
3101
7311
2692
205
8164
9114
162
6131
3734
8931
748
3141
7750
5215
1316
3741
1848
7170
2410
7822
2317
7630
6985
3895
4948
8814
1341
5367
7132
7895
9849
4668
876
2539
3265
3538
6902
510
9467
2208
5174
3745
7736
7620
614
7449
3799
8687
8241
1434
4699
4381
7343
9555
3692
7773
5281
9837
4752
2439
5674
1302
2641
7648
1197
7288
5077
6405
6433
4373
8129
3629
873
5763
3400
8640
5714
9833
8267
5245
8494
7619
5246
1340
9894
9577
8086
2229
2479
9640
4274
2846
2916
1501
1505
5469
8846
5689
1433
1886
1347
9240
3660
7056
6541
9122
2929
6522
7226
851
6705
3472
8763
2618
3309
7854
4631
1471
3798
6934
3651
8917
7906
9391
9947
4077
5514
5378
6673
2946
1446
2961
3612
9201
5754
3166
4033
753
3427
1917
7720
7628
1720
2789
5745
8542
1191
8950
1902
6938
6660
9840
4330
9622
9886
8318
2343
8916
9637
9958
2986
9522
6329
3226
1296
301
8223
5460
6388
7900
9649
2030
6540
6104
627
3700
9461
2014
5066
7259
6483
7445
7069
3481
8875
8899
4660
4276
2345
5261
9344
3191
7757
1067
212
2886
2788
4848
7180
8784
6213
3294
3885
1673
8311
4184
9842
5980
8235
7437
9074
3623
8905
2429
8175
987
6403
4248
4697
5280
8007
2006
1874
5446
6779
5106
3171
2127
6919
8502
2554
1036
9601
4977
7447
9535
4895
6170
3992
3971
3853
723
4319
1719
2936
9977
3514
7249
664
5676
7295
4408
1791
5143
764
998
8633
8410
4984
3192
6916
6027
8128
8877
6640
2323
519
3510
5102
9361
9859
2742
5393
917
6927
1169
4534
3436
4146
3450
300
6299
6554
338
242
4088
6008
6195
6238
4711
8268
4684
3866
8989
1148
239
709
7491
2407
8299
4884
4644
4881
1249
8946
7863
9153
5602
1617
6685
1508
7973
5002
6816
7318
3822
6517
458
467
9091
1535
3068
2904
1789
4479
6252
5978
474
1189
4477
1509
3815
2250
7224
5257
126
25
9619
1941
4329
4967
1756
2600
772
8257
9844
1448
9934
5629
3131
154
9415
5138
10035
925
5543
5371
6088
7026
6277
5639
4000
8406
9613
4089
8013
1158
7668
7920
6838
4241
4609
5136
1798
4719
3333
9237
7924
5791
6166
8398
7340
9469
7269
6888
8427
1942
7196
3589
6485
2212
3947
9129
9302
7051
9587
5266
2136
7547
2924
2308
82
8093
1891
4570
6749
8284
1055
2774
8624
1911
9393
7264
6968
6525
915
4666
1521
666
7198
1143
8550
9401
8867
3987
4407
6574
2568
2005
5080
6891
1553
989
5621
1472
3936
4889
7937
4037
3877
8778
356
4603
3894
7894
7892
4462
3334
1005
2779
8260
2672
4641
9981
7352
7471
8337
1413
1013
8189
9325
4422
2510
7467
3710
3939
9322
5695
6691
9777
3128
6387
5667
7528
737
4275
4840
10
6961
4750
777
4181
1716
2505
765
1979
3014
6318
9854
3874
364
4920
1825
10038
9561
5599
677
3910
5526
6375
952
5265
408
2873
4264
1460
1878
7103
7816
8057
448
5042
4474
4801
4776
3698
4394
6871
5679
1921
8489
183
8552
8276
1420
9217
6230
9174
3912
6881
8036
9626
7497
7988
3096
4183
6082
1751
7598
8622
6905
6547
9276
12
4193
1364
1346
3399
5297
4655
9819
5285
6849
6702
1477
5163
6880
8363
1779
9701
7444
1646
1402
793
2816
18
6441
5746
9590
9831
6832
923
9121
7480
1837
6431
1961
5837
2694
192
5842
7167
5960
9399
176
5044
3376
8214
2565
3703
3187
9036
3017
1079
6467
4822
8725
2049
8888
3275
8659
3071
5095
645
797
8497
8971
5812
8761
328
266
2947
2783
4140
2960
3284
2799
1319
8702
9788
3596
2456
5903
9944
9414
6067
9905
8313
6179
7812
9770
1636
4482
4788
5662
6148
5496
1592
833
9654
51
1440
1032
5107
4196
5828
8705
8148
7981
3883
9862
1803
5146
4259
1792
2271
6368
6845
5030
17
4173
2431
2676
3979
7606
9738
7000
9558
6952
7034
1523
8155
2001
3816
768
1027
2421
8066
7965
1690
7624
3569
6153
2378
4648
4203
2227
2213
5324
9805
5556
6091
3861
2668
8339
2564
8660
539
2138
6109
4165
631
9244
5344
4780
4993
8507
8605
4909
1882
3809
255
6970
10019
8035
1426
7386
2036
675
1393
6023
1175
7246
5686
2147
1071
9600
9105
891
5119
2529
4139
432
1450
782
8334
2604
8315
4080
719
1955
2730
7635
6350
2867
9378
232
4675
252
3346
9051
2813
3063
5571
4600
9057
2572
2614
898
970
5838
6713
2336
2072
3645
7554
5793
6879
6731
6119
7283
3489
5432
3321
8982
8870
7365
8526
9392
1054
828
565
3882
4802
9333
1657
757
9286
3962
8983
1936
7604
857
5024
4182
2900
3665
5153
5455
3621
5604
5207
6102
277
6473
2792
1787
2627
586
5408
2476
2590
9994
8005
7938
5175
3843
6073
9662
3161
9904
9716
5269
7420
1785
2289
9765
6463
2238
3587
9009
4657
2828
4074
6262
8115
1015
2185
58
8911
8425
8848
7833
1253
825
5865
7761
9456
8150
6979
4266
7846
4805
4397
8394
2328
4785
4793
5785
2451
7995
1585
5416
8354
9504
102
529
9418
7350
4018
2218
6531
7500
3902
9688
505
2884
3530
8733
2119
3557
7922
1733
4076
1084
6083
9061
6841
657
5011
3386
3010
1431
3929
5547
3147
7939
5906
7120
8830
5762
616
4891
2935
4898
8292
4502
3350
8151
5338
2756
8980
9096
5643
1422
1343
7213
4226
715
8532
35
2649
8478
3087
405
8821
7797
8865
8209
7781
3806
9168
6050
6186
6852
4784
2013
5574
1702
8031
5390
801
9823
592
3033
8565
965
8378
6787
7774
2373
4208
6276
3575
5583
4671
8442
669
8225
8771
3956
6470
5755
5172
4828
5221
6947
4476
6615
2086
6106
9219
8118
8353
9136
8856
7194
7558
1118
3369
5484
2657
8450
866
5637
9138
1218
7504
4919
6127
9986
6292
7669
3208
8041
4051
2427
3765
1730
1893
9529
2244
1232
1985
4042
6346
6936
5161
1739
4637
9412
2221
6435
2344
3942
5435
2752
1834
7786
6342
7941
3647
6261
7572
1966
3272
3452
6235
4362
7785
8952
7853
5784
1020
38
2605
381
5994
1442
1178
598
8173
3503
1744
2492
8564
8933
6874
9274
1550
4206
1265
3869
7367
8399
6530
1139
6445
2726
2383
6117
868
8364
1200
7656
7490
535
3258
8420
544
6527
1706
3379
1604
99
8522
1419
659
5065
9982
3474
1315
8686
9946
9079
3546
5365
6676
1883
3067
3028
5856
78
1685
9064
7068
275
7413
20
5354
4214
8369
9148
4497
9656
7601
7355
4289
8896
2879
200
6945
9482
8474
1863
1512
40
3878
8321
8043
5693
3283
6973
218
628
499
5663
4043
4589
7408
597
6734
96
3588
2923
5198
663
5386
5559
679
3837
5988
6847
2975
1849
2093
7211
7076
3821
3676
3091
2695
1649
4312
9058
9616
4314
3797
619
1241
2312
678
6900
4039
36
7233
7400
2294
7847
855
8574
3126
8995
4550
5139
378
8162
1945
8620
4594
5675
7857
4526
6794
8871
6103
9179
951
9334
9706
5361
4795
9639
4041
5168
2858
8514
1564
3061
3182
1289
2245
4717
8447
1358
5555
3319
7453
3880
8379
1
7235
3951
5335
3577
5814
10004
6184
7366
6612
8414
4700
4069
2860
1203
8712
5549
1616
425
6573
5087
7472
6196
7814
5682
9603
3430
7684
6146
6700
5032
8219
462
9478
5876
8974
8889
5162
2995
3477
4743
4412
871
8592
5551
9980
581
2461
8988
314
3410
2279
3603
101
2868
9661
1840
6449
0
1728
298
3730
5896
7418
9796
6306
8332
3469
3089
3758
8954
9901
6264
6684
3241
9786
7201
1126
5646
5275
7065
7184
2696
7769
9328
5631
3640
8766
6434
1703
5349
5339
1390
313
280
336
5733
4231
3772
4952
3220
3136
9569
9839
4311
2570
2677
5056
1740
4035
8073
3302
6746
9665
6658
9714
9427
4049
7364
2406
3978
2360
9827
7964
4771
3925
4770
4250
1161
3558
3900
2757
7986
746
4810
7049
6635
7766
107
3693
6239
9898
6925
7139
4627
4866
59
9822
5652
7902
118
3997
665
2848
9425
4720
9780
815
9514
4141
9362
595
1449
8048
7760
1639
5049
3559
3482
4573
1894
3572
3475
4147
3907
1229
8328
9900
4547
3523
7091
222
3547
1342
1962
7930
593
8864
8938
5334
9310
1154
4718
1916
6168
997
3331
4443
6296
9300
973
2586
3149
8711
9379
2463
3667
2751
3991
4104
9495
1610
2845
4158
3447
4239
4734
5491
2862
3072
2522
9990
8516
3266
3751
3351
2557
5627
6607
1369
3782
5659
5364
525
7010
3488
6552
4791
7957
6715
7826
8011
5532
1796
6157
41
4973
7631
3805
4851
3484
8362
3144
9143
3162
2950
9178
2580
847
5389
8202
2502
1605
5999
3409
2633
1560
975
2364
2404
7066
3731
2495
1996
662
3849
6228
7292
4624
9426
2189
807
2002
4854
8886
2843
1096
9737
6016
6181
5311
6557
81
4777
799
1881
7691
4887
9187
3583
8391
9856
5194
2992
1524
5487
5345
3553
2613
5761
9297
3688
5035
6912
4904
2782
6887
4258
9260
1011
4022
3058
6549
2144
4351
3927
2301
1017
9528
8192
6028
3412
775
1049
6
8190
2591
5412
6116
9306
3429
2065
2172
1842
5392
916
1445
1718
1240
3361
3817
8836
7523
8200
5062
8411
7511
6533
9648
2996
4335
1992
9471
5476
8340
9193
4295
7216
1311
5947
7465
8992
9189
2718
4593
1781
134
4853
1958
6313
9682
7434
418
4386
803
7336
7961
2315
3827
6755
2909
9681
1141
6790
9741
7337
9428
2053
6499
8723
4577
9177
6070
6081
732
4455
717
8967
3712
1989
88
8441
283
5878
7911
7563
3103
4505
759
9957
5023
3742
234
520
5568
2895
6566
8322
955
382
8464
7376
2381
3175
5047
7488
5255
3779
9808
9866
521
7616
2145
2094
6395
4003
4970
409
6585
9423
9736
7653
6666
1357
1230
3718
2309
2182
2592
2226
5005
6237
8649
9068
9510
2928
9403
816
8445
4855
1052
1335
819
820
8277
148
3620
1991
4366
273
7615
2645
5206
5497
6327
5
4943
7149
4372
14
2942
5713
4669
4728
2542
2137
3036
4813
7979
9470
8258
1123
128
7308
8878
2934
3789
6113
2940
9483
288
9298
2369
6078
1988
6030
1495
4501
4107
7438
5904
8405
442
8064
605
1367
6850
6461
9806
6763
3574
2956
534
9879
5900
5038
6802
4256
4833
7481
7146
8139
5169
2361
10006
9917
4541
6576
2097
7165
358
4279
5092
9242
8208
5045
1085
9395
2011
5369
747
460
4194
2372
9225
744
8513
9902
1238
8146
9865
5735
1606
2898
9606
4992
1877
8862
3157
2518
1593
429
6020
2173
790
9065
7152
8485
2887
9294
4908
30
109
6420
7541
9183
1506
2844
2823
3328
4575
5071
5946
4839
6812
6659
6942
6580
3268
8884
9604
3156
3225
8106
307
9998
440
6132
3184
4116
7574
3862
3200
2743
878
7956
633
6650
1030
6337
4297
8706
2402
3686
4058
8375
9299
8424
7885
9873
1625
6624
9006
1325
3466
5041
1164
707
10029
4741
3989
6512
1767
8460
9457
2507
4732
3434
1559
3744
1900
8282
1345
4599
7746
6258
80
4499
8642
931
5521
9107
2380
9545
9641
7482
7414
5125
3616
7136
5114
2200
661
8890
8525
9284
4277
786
1568
691
7178
4149
1525
9948
7607
3053
2866
6322
8361
7869
8101
7936
2356
6182
3671
4420
779
77
6051
1722
9190
1983
9093
7637
8816
7305
2355
4841
9834
9472
5471
8591
5807
9911
5927
10021
4749
7222
6633
9213
1753
5110
3242
9717
3674
8895
9098
9863
1980
9890
8402
4649
9293
3661
1723
9757
267
9691
377
5235
7163
6581
2123
9479
1481
1492
5454
5193
320
4834
9710
4579
2962
4468
9305
5525
9974
7441
4324
4636
1513
4308
7763
1225
7586
1425
4338
7045
671
479
206
2861
1595
5822
7268
5160
6614
7415
8602
8432
8991
3998
2450
5615
9154
8266
2299
9575
6969
2794
5901
7719
3029
5916
1280
3102
3852
1297
7646
6769
7804
2162
159
7022
9430
1661
7819
1452
1485
6438
8936
28
9846
3860
6231
3781
1217
2999
6872
2267
1612
1771
3296
84
8229
7710
3239
5821
7109
7401
9891
1014
4961
680
1633
9327
8317
3329
8854
2625
150
5774
984
3527
5264
6626
8342
1246
7162
5508
8568
883
8368
1829
8742
2050
6951
3648
8728
1211
2943
1743
5120
3337
8774
4808
5591
4989
6785
9349
1012
7493
637
4224
7300
7966
5783
1093
1541
933
2274
5444
2237
1534
5482
1247
3562
7852
5115
9026
9363
5433
938
7072
5819
3060
2579
7694
4994
515
39
1901
6283
8153
2717
9070
5530
6399
1181
2712
5064
9557
2388
6873
6145
3518
2449
8812
4360
7865
930
1365
4281
6068
8994
9499
9207
7993
1575
805
240
6351
9181
981
4689
2824
6894
5940
1427
6059
139
9368
3114
7899
471
7570
4444
7592
8401
4199
292
156
7236
8113
4906
5283
1674
9756
5231
8750
4782
4191
7608
3505
9128
3238
9680
1251
5816
9992
6110
9747
7041
8586
9793
6093
3915
7919
6124
557
7534
6538
4584
421
5236
6215
2791
4002
4119
2084
6095
2761
3511
8483
4691
6677
4309
7791
3145
7969
6781
2038
104
9085
8653
2836
1804
8020
9420
3415
8080
8121
1687
6423
3493
1179
1600
10041
4856
8855
47
4625
6515
1528
6332
5292
7384
5787
9782
1879
2663
543
5453
3795
606
3535
4846
4433
3190
7362
7379
3672
9024
8849
8348
1391
9095
2921
9003
8765
6827
5377
2447
6890
7776
1696
1858
9488
9388
5126
1370
9764
9956
5127
736
8380
66
3717
9508
865
3499
8135
4220
8646
7217
862
1929
9497
6719
5417
6393
7505
3618
783
1387
465
3909
3424
1965
8621
158
340
977
6019
9188
9135
7485
2321
3307
8943
6045
9275
5418
6829
7529
1156
2424
6410
8872
1025
9933
4376
2517
9733
4079
9346
7046
9301
6561
8469
6087
7548
8307
2715
3904
2786
3193
484
5649
6336
1545
3649
3528
8498
6892
310
594
4837
7952
9766
5010
9538
561
7693
6448
8199
7231
1173
2979
8606
9988
7321
5596
1669
3743
8549
9453
6596
2575
551
5440
2790
5764
6001
1953
4790
1709
5313
990
3599
5316
4809
5461
3070
9775
6895
5178
9932
8134
1243
9203
3135
4219
9316
4112
4111
9366
5370
302
9267
8294
5027
2371
2239
9011
7368
3125
6994
3252
3120
2971
5457
6922
1484
3793
143
1254
9531
5981
4026
5847
8947
9049
3833
649
610
4742
8571
8811
6546
10037
4457
8459
9699
226
6606
5101
3604
5664
7702
195
3108
9060
2771
5786
2949
6870
238
9437
8078
6778
6397
1654
483
3050
3753
9042
2865
5914
10018
5376
5920
4493
792
127
7182
6242
1056
2374
5861
1271
2432
175
1115
8012
5751
5848
5048
7326
1907
6654
6709
2082
8165
3454
2266
903
9296
5888
2155
257
4233
1976
5263
7730
8440
5294
6407
8648
5164
6300
5320
555
2701
9027
9067
8731
9698
1396
68
9025
9018
5734
2029
7192
881
7319
9702
466
2994
5216
5067
9261
8067
9494
2209
2457
6846
8999
5938
7837
6069
5090
1844
9950
1432
2512
4240
5844
3632
6386
6578
2206
9810
7238
5016
4933
8270
2160
2965
2482
1856
3084
3820
8021
9389
4549
8358
2231
6528
6197
407
8590
8388
4563
3969
6605
4341
7204
9942
2471
8623
2734
7040
3206
5025
1678
2241
9324
4384
3281
1820
6044
6287
1000
4512
9663
4052
2441
2118
5358
9159
8383
6526
4349
6504
435
4794
9291
738
8039
437
2222
3042
9791
5001
1256
8072
6669
8927
7344
6043
9445
2899
1220
634
8780
9954
9937
8312
4105
3099
4713
9644
6595
8140
6689
599
3318
811
3539
5560
1503
3684
5534
3290
4864
577
7381
4679
119
1566
9348
8365
2041
1078
8501
1288
3030
112
8475
1852
4931
3362
3194
5883
3080
4640
1729
9814
2287
196
6774
7241
1836
3057
652
8827
3600
463
1480
673
9787
5347
2966
6345
8949
9813
7329
2436
7602
5218
6324
2341
4815
986
3598
2362
1758
8883
8610
4605
1519
1694
3697
4305
7460
6981
6613
4024
3924
4101
8716
8722
6032
7901
6764
6806
6511
2607
9724
4221
4612
7758
7818
3222
9684
6948
596
1088
5937
2297
8805
3233
8874
3955
6286
7179
8360
9158
4012
6135
9229
7805
6971
2485
7054
9372
7655
2885
8511
4019
2052
2033
6837
8290
4234
8661
1876
5741
8256
7506
6718
8667
3784
327
8166
74
512
2850
3027
9400
4031
763
7512
1116
391
617
1507
7522
8030
2363
6210
8096
2399
5969
6259
3726
8964
5273
2114
9927
430
265
778
153
8749
317
3823
3300
8499
7243
8144
1731
670
1591
190
276
6232
4617
7611
1681
2566
5133
491
5289
3085
4618
5084
4683
5256
2260
5059
8914
8186
4075
4131
1598
1594
7452
3682
1455
1908
8562
9259
8112
1041
7553
3264
5890
9184
1873
1035
8133
3230
831
3578
480
8045
1668
5744
3405
8156
386
8466
1278
4345
4050
1259
122
7714
1019
9162
526
9258
6315
8929
2376
2059
3625
6302
4121
2724
7967
8212
121
3863
1543
7657
6935
4355
7380
1925
1700
3211
8945
9735
7533
2219
1112
1187
123
6955
7724
224
7110
7918
4490
2070
8455
880
3455
2967
2806
4472
7085
3478
7658
5224
3723
10007
4262
434
5452
6167
3875
8575
3118
1714
4945
4265
6744
7836
75
7087
7473
2585
3116
3428
4643
2031
3372
647
8608
7446
414
235
3295
1846
8953
8708
1515
7122
9687
6725
92
5506
2304
1313
5309
8825
7934
8244
1242
4941
1813
4238
8678
6072
5577
7843
6753
3690
8042
1667
6194
9016
1760
3109
10015
4917
4243
5511
5570
1360
3865
4159
9993
1752
3579
7455
3467
3635
2416
9050
2088
2142
7164
1283
6741
3431
940
968
9915
3119
7160
5954
6363
2832
9347
1470
8885
2765
6520
4353
4638
5867
1588
1530
4595
1831
8462
124
8110
7027
3158
1755
2635
2224
5014
3858
5325
4781
1314
8404
5731
1808
330
2955
247
6911
500
7971
7115
3673
2833
8596
8437
9175
8923
1680
4048
8538
4368
8452
8908
3378
7306
4774
7728
1059
2646
4826
4150
3945
992
6325
2273
2486
5921
5772
5242
8665
6365
5794
4816
1163
3483
5226
5502
589
259
8666
4723
6270
3854
1692
3065
9537
8600
5586
8188
4334
7130
7334
3722
7755
8293
6284
1475
2980
5989
2972
4453
6655
4918
9910
8366
6714
9371
7913
6577
4304
549
2821
7263
4893
7278
950
5190
3966
8762
5262
3556
9048
2130
2192
8381
8303
1100
9722
7754
3775
7689
8697
6026
9110
3926
504
179
5337
1644
8213
5803
8105
9560
5656
6681
7195
2561
9075
3051
201
8500
2278
7722
1140
6884
8818
4385
963
8902
9351
4294
8833
2596
9145
5053
4758
1546
6906
4872
2240
1597
3948
6432
5710
2024
4869
7147
8681
8231
656
3094
5519
481
9618
3828
1228
6628
1790
5122
4063
4947
2948
2683
6831
4523
8371
837
5760
2100
1854
7983
9725
2808
9295
3219
730
3551
7239
1818
100
6652
1826
4879
7796
7978
733
4566
959
8374
6548
5129
1124
4591
3122
5475
4709
9711
4129
8597
7683
2201
2952
3825
8181
8372
389
8570
6796
6675
3075
9404
1437
4045
8087
2180
1686
7315
591
5006
909
4288
106
9673
7436
8051
8892
6513
5742
9130
3871
7030
2688
2116
3749
5691
184
2078
7307
835
7649
249
6523
1570
6142
1772
3964
7287
6314
4746
4766
4787
7008
1615
111
4645
5832
2083
1268
4426
6121
8471
6588
7325
2930
1087
4168
620
5668
4303
5923
2797
6690
6428
1444
9763
6717
351
6412
7828
6220
2834
2530
1331
5661
2637
9287
6098
6757
5274
1682
9102
9338
8346
3018
9387
8520
